Training Mode:
python3.6 preprocess.py <XML_file> train
((measure_num, beat), [12pitch_param], chord_label)

[((1, 1.0), [1, 0, 0, 0, 1, 0, 0, 1, 0, 0, 0, 0], 'I'),
 ((1, 1.5), [1, 0, 0, 0, 1, 0, 0, 1, 0, 0, 0, 0], 'I'),
 ((1, 2.0), [1, 0, 0, 0, 1, 0, 0, 1, 0, 0, 0, 0], 'I'),
 ((1, 2.5), [1, 0, 0, 0, 1, 0, 0, 1, 0, 0, 0, 0], 'I'),
 ((1, 3.0), [0, 0, 0, 0, 1, 0, 0, 1, 0, 0, 0, 0], 'I'),
 ((1, 3.5), [0, 0, 0, 0, 1, 0, 0, 1, 0, 0, 0, 0], 'I'),
 ((1, 4.0), [0, 0, 0, 0, 1, 0, 0, 1, 0, 0, 0, 0], 'I'),
 ((1, 4.5), [0, 0, 0, 0, 1, 0, 0, 1, 0, 0, 0, 0], 'I')]


Applying Mode:
python3.6 preprocess.py <XML_file>
((measure_num, beat), [12pitch_param])

[((1, 1.0), [1, 0, 0, 0, 1, 0, 0, 1, 0, 0, 0, 0]),
 ((1, 1.5), [1, 0, 0, 0, 1, 0, 0, 1, 0, 0, 0, 0]),
 ((1, 2.0), [1, 0, 0, 0, 1, 0, 0, 1, 0, 0, 0, 0]),
 ((1, 2.5), [1, 0, 0, 0, 1, 0, 0, 1, 0, 0, 0, 0]),
 ((1, 3.0), [0, 0, 0, 0, 1, 0, 0, 1, 0, 0, 0, 0]),
 ((1, 3.5), [0, 0, 0, 0, 1, 0, 0, 1, 0, 0, 0, 0]),
 ((1, 4.0), [0, 0, 0, 0, 1, 0, 0, 1, 0, 0, 0, 0]),
 ((1, 4.5), [0, 0, 0, 0, 1, 0, 0, 1, 0, 0, 0, 0])]