-36.235737
-3.375880
-4.143135
-4.094345
-1.555854
-0.826679
-3.481240
-3.650658
-4.094345
-4.094345
-2.394252
-0.828652
-2.264364
-4.110874
-2.211018
-1.556640
-3.355735
-2.833213
-4.094345
-4.094345
-2.953173
-2.170876
-4.094345
-4.143135
-4.510860
-0.750649
-1.394593
-2.788093
-4.110874
-4.158883
-4.276666
-3.075775
-2.315008
-4.094345
-4.094345
-0.856126
-1.982815
-4.094345
-2.243745
-1.791759
-2.833213
-4.127134
-2.549445
-4.094345
-4.094345
-2.890372
-1.593309
-4.094345
-4.143135
-3.496508
-1.462834
-4.219508
-4.094345
-4.094345
-2.243745
-4.219508
-4.158883
-2.847812
-4.094345
-4.204693
-5.807642
-35.977514
-4.143135
-4.094345
-3.998201
-4.852030
-4.174387
-4.343805
-4.094345
-4.094345
-5.613128
-6.680855
-4.343805
-4.110874
-4.290459
-5.111988
-4.454347
-4.219508
-4.094345
-4.094345
-4.744932
-6.021023
-4.094345
-4.143135
-4.510860
-6.396096
-2.716349
-4.174387
-4.110874
-3.060271
-4.276666
-4.174387
-4.394449
-4.094345
-4.094345
-3.673375
-2.981344
-4.094345
-4.189655
-5.049856
-4.624973
-4.127134
-4.158883
-4.094345
-4.094345
-5.455321
-4.119037
-4.094345
-4.143135
-4.595120
-4.553877
-4.219508
-4.094345
-4.094345
-4.189655
-4.219508
-4.158883
-4.234107
-4.094345
-4.204693
-6.213107
-4.762174
-38.800494
-4.094345
-4.691348
-4.852030
-4.174387
-4.343805
-4.094345
-4.094345
-5.613128
-6.680855
-4.343805
-4.110874
-4.290459
-5.111988
-4.454347
-4.219508
-4.094345
-4.094345
-4.744932
-6.021023
-4.094345
-4.143135
-4.510860
-7.089243
-4.795791
-4.174387
-4.110874
-4.158883
-4.276666
-4.174387
-4.394449
-4.094345
-4.094345
-6.931472
-4.927254
-4.094345
-4.189655
-5.049856
-4.624973
-4.127134
-4.158883
-4.094345
-4.094345
-5.455321
-6.198479
-4.094345
-4.143135
-4.595120
-5.247024
-4.219508
-4.094345
-4.094345
-4.189655
-4.219508
-4.158883
-4.234107
-4.094345
-4.204693
-7.599401
-4.762174
-4.143135
-40.137998
-4.691348
-4.852030
-4.174387
-4.343805
-4.094345
-4.094345
-5.613128
-6.680855
-4.343805
-4.110874
-4.290459
-5.111988
-4.454347
-4.219508
-4.094345
-4.094345
-4.744932
-6.021023
-4.094345
-4.143135
-4.510860
-7.089243
-4.795791
-4.174387
-4.110874
-4.158883
-4.276666
-4.174387
-4.394449
-4.094345
-4.094345
-6.931472
-4.927254
-4.094345
-4.189655
-5.049856
-4.624973
-4.127134
-4.158883
-4.094345
-4.094345
-5.455321
-6.198479
-4.094345
-4.143135
-4.595120
-5.247024
-4.219508
-4.094345
-4.094345
-4.189655
-4.219508
-4.158883
-4.234107
-4.094345
-4.204693
-4.554879
-4.762174
-4.143135
-4.094345
-38.432416
-4.852030
-4.174387
-4.343805
-4.094345
-4.094345
-5.613128
-5.071417
-4.343805
-4.110874
-4.290459
-5.111988
-4.454347
-4.219508
-4.094345
-4.094345
-4.744932
-3.941582
-4.094345
-4.143135
-4.510860
-4.691348
-4.795791
-4.174387
-4.110874
-4.158883
-4.276666
-4.174387
-4.394449
-4.094345
-4.094345
-6.931472
-4.927254
-4.094345
-4.189655
-5.049856
-2.545531
-4.127134
-4.158883
-4.094345
-4.094345
-5.455321
-6.198479
-4.094345
-4.143135
-4.595120
-5.247024
-4.219508
-4.094345
-4.094345
-4.189655
-4.219508
-4.158883
-4.234107
-4.094345
-4.204693
-3.667576
-4.762174
-4.143135
-4.094345
-4.691348
-38.816242
-4.174387
-4.343805
-4.094345
-4.094345
-4.919981
-4.195948
-4.343805
-4.110874
-4.290459
-5.111988
-3.761200
-4.219508
-4.094345
-4.094345
-4.744932
-6.021023
-4.094345
-4.143135
-4.510860
-7.089243
-4.795791
-4.174387
-4.110874
-4.158883
-4.276666
-4.174387
-4.394449
-4.094345
-4.094345
-6.931472
-4.234107
-4.094345
-4.189655
-5.049856
-3.238678
-4.127134
-4.158883
-4.094345
-4.094345
-5.455321
-6.198479
-4.094345
-4.143135
-4.595120
-4.553877
-4.219508
-4.094345
-4.094345
-4.189655
-4.219508
-4.158883
-4.234107
-4.094345
-4.204693
-7.599401
-4.762174
-4.143135
-4.094345
-4.691348
-4.158883
-38.831746
-4.343805
-4.094345
-4.094345
-5.613128
-6.680855
-4.343805
-4.110874
-4.290459
-5.111988
-4.454347
-4.219508
-4.094345
-4.094345
-4.744932
-6.021023
-4.094345
-4.143135
-4.510860
-7.089243
-4.795791
-4.174387
-4.110874
-4.158883
-2.890372
-4.174387
-4.394449
-4.094345
-4.094345
-6.931472
-4.927254
-4.094345
-4.189655
-5.049856
-4.624973
-4.127134
-4.158883
-4.094345
-4.094345
-5.455321
-6.198479
-4.094345
-4.143135
-4.595120
-5.247024
-4.219508
-4.094345
-4.094345
-4.189655
-4.219508
-4.158883
-4.234107
-4.094345
-4.204693
-5.296816
-4.762174
-4.143135
-4.094345
-4.691348
-4.852030
-4.174387
-40.387459
-4.094345
-4.094345
-4.919981
-6.680855
-4.343805
-4.110874
-4.290459
-5.111988
-4.454347
-4.219508
-4.094345
-4.094345
-4.744932
-5.327876
-4.094345
-4.143135
-4.510860
-5.990631
-4.795791
-4.174387
-4.110874
-4.158883
-4.276666
-4.174387
-3.701302
-4.094345
-4.094345
-5.832860
-4.927254
-4.094345
-4.189655
-5.049856
-4.624973
-4.127134
-4.158883
-4.094345
-4.094345
-5.455321
-6.198479
-4.094345
-4.143135
-4.595120
-5.247024
-4.219508
-4.094345
-4.094345
-4.189655
-4.219508
-4.158883
-4.234107
-4.094345
-4.204693
-7.599401
-4.762174
-4.143135
-4.094345
-4.691348
-4.852030
-4.174387
-4.343805
-40.137998
-4.094345
-5.613128
-6.680855
-4.343805
-4.110874
-4.290459
-5.111988
-4.454347
-4.219508
-4.094345
-4.094345
-4.744932
-6.021023
-4.094345
-4.143135
-4.510860
-7.089243
-4.795791
-4.174387
-4.110874
-4.158883
-4.276666
-4.174387
-4.394449
-4.094345
-4.094345
-6.931472
-4.927254
-4.094345
-4.189655
-5.049856
-4.624973
-4.127134
-4.158883
-4.094345
-4.094345
-5.455321
-6.198479
-4.094345
-4.143135
-4.595120
-5.247024
-4.219508
-4.094345
-4.094345
-4.189655
-4.219508
-4.158883
-4.234107
-4.094345
-4.204693
-7.599401
-4.762174
-4.143135
-4.094345
-4.691348
-4.852030
-4.174387
-4.343805
-4.094345
-40.137998
-5.613128
-6.680855
-4.343805
-4.110874
-4.290459
-5.111988
-4.454347
-4.219508
-4.094345
-4.094345
-4.744932
-6.021023
-4.094345
-4.143135
-4.510860
-7.089243
-4.795791
-4.174387
-4.110874
-4.158883
-4.276666
-4.174387
-4.394449
-4.094345
-4.094345
-6.931472
-4.927254
-4.094345
-4.189655
-5.049856
-4.624973
-4.127134
-4.158883
-4.094345
-4.094345
-5.455321
-6.198479
-4.094345
-4.143135
-4.595120
-5.247024
-4.219508
-4.094345
-4.094345
-4.189655
-4.219508
-4.158883
-4.234107
-4.094345
-4.204693
-3.180561
-4.762174
-4.143135
-4.094345
-4.691348
-4.852030
-4.174387
-4.343805
-4.094345
-4.094345
-37.497898
-5.071417
-4.343805
-4.110874
-4.290459
-3.166078
-4.454347
-4.219508
-4.094345
-4.094345
-2.799022
-3.025291
-4.094345
-3.449988
-4.510860
-4.093511
-4.795791
-4.174387
-4.110874
-4.158883
-4.276666
-3.481240
-3.295837
-4.094345
-4.094345
-4.041100
-4.927254
-4.094345
-4.189655
-3.951244
-4.624973
-4.127134
-4.158883
-4.094345
-4.094345
-2.319827
-2.797281
-4.094345
-4.143135
-4.595120
-3.637586
-4.219508
-4.094345
-4.094345
-4.189655
-4.219508
-4.158883
-4.234107
-4.094345
-4.204693
-1.982630
-4.762174
-4.143135
-4.094345
-4.691348
-3.753418
-4.174387
-2.146581
-4.094345
-4.094345
-1.975542
-37.401498
-4.343805
-4.110874
-4.290459
-1.853891
-1.509908
-2.427748
-4.094345
-4.094345
-2.953173
-1.638997
-4.094345
-3.044522
-4.510860
-2.855137
-3.697178
-4.174387
-3.417727
-4.158883
-4.276666
-4.174387
-3.701302
-4.094345
-4.094345
-2.871029
-4.234107
-4.094345
-4.189655
-5.049856
-3.015535
-4.127134
-4.158883
-4.094345
-4.094345
-1.504077
-2.008824
-4.094345
-2.756840
-3.208825
-2.413811
-4.219508
-4.094345
-4.094345
-4.189655
-3.526361
-4.158883
-4.234107
-4.094345
-4.204693
-6.906254
-4.762174
-4.143135
-4.094345
-4.691348
-4.852030
-4.174387
-4.343805
-4.094345
-4.094345
-4.003690
-4.734945
-40.387459
-4.110874
-4.290459
-5.111988
-4.454347
-4.219508
-4.094345
-4.094345
-4.744932
-6.021023
-4.094345
-4.143135
-4.510860
-5.143333
-4.795791
-4.174387
-4.110874
-4.158883
-4.276666
-4.174387
-4.394449
-4.094345
-4.094345
-6.931472
-4.927254
-4.094345
-4.189655
-5.049856
-4.624973
-4.127134
-4.158883
-4.094345
-4.094345
-5.455321
-6.198479
-4.094345
-4.143135
-4.595120
-5.247024
-4.219508
-4.094345
-4.094345
-4.189655
-4.219508
-4.158883
-4.234107
-4.094345
-4.204693
-7.599401
-4.762174
-4.143135
-4.094345
-4.691348
-4.852030
-4.174387
-4.343805
-4.094345
-4.094345
-5.613128
-5.987707
-4.343805
-40.154527
-4.290459
-5.111988
-4.454347
-4.219508
-4.094345
-4.094345
-4.744932
-6.021023
-4.094345
-4.143135
-4.510860
-7.089243
-4.795791
-4.174387
-4.110874
-4.158883
-4.276666
-4.174387
-4.394449
-4.094345
-4.094345
-6.931472
-4.927254
-4.094345
-4.189655
-5.049856
-4.624973
-4.127134
-4.158883
-4.094345
-4.094345
-5.455321
-6.198479
-4.094345
-4.143135
-4.595120
-5.247024
-4.219508
-4.094345
-4.094345
-4.189655
-4.219508
-4.158883
-4.234107
-4.094345
-4.204693
-5.296816
-4.762174
-4.143135
-4.094345
-4.691348
-4.852030
-4.174387
-4.343805
-4.094345
-4.094345
-5.613128
-6.680855
-4.343805
-4.110874
-37.695056
-5.111988
-4.454347
-4.219508
-4.094345
-4.094345
-4.744932
-6.021023
-4.094345
-4.143135
-4.510860
-5.702949
-4.795791
-4.174387
-4.110874
-4.158883
-4.276666
-4.174387
-4.394449
-4.094345
-4.094345
-6.931472
-4.927254
-4.094345
-4.189655
-5.049856
-4.624973
-4.127134
-4.158883
-4.094345
-4.094345
-5.455321
-6.198479
-4.094345
-4.143135
-4.595120
-5.247024
-4.219508
-4.094345
-4.094345
-4.189655
-4.219508
-4.158883
-4.234107
-4.094345
-4.204693
-4.554879
-4.762174
-4.143135
-4.094345
-3.081910
-4.158883
-4.174387
-4.343805
-4.094345
-4.094345
-3.821369
-4.041797
-4.343805
-4.110874
-4.290459
-38.958417
-4.454347
-4.219508
-4.094345
-4.094345
-4.744932
-4.922411
-4.094345
-4.143135
-4.510860
-3.425682
-2.598566
-4.174387
-4.110874
-4.158883
-4.276666
-4.174387
-4.394449
-4.094345
-4.094345
-5.832860
-4.927254
-4.094345
-4.189655
-5.049856
-4.624973
-4.127134
-4.158883
-4.094345
-4.094345
-5.455321
-6.198479
-4.094345
-4.143135
-4.595120
-2.944439
-2.610070
-4.094345
-4.094345
-4.189655
-4.219508
-4.158883
-4.234107
-4.094345
-4.204693
-5.519960
-4.762174
-4.143135
-4.094345
-4.691348
-4.852030
-4.174387
-4.343805
-4.094345
-4.094345
-5.613128
-5.294560
-4.343805
-4.110874
-4.290459
-4.013375
-40.498001
-4.219508
-4.094345
-4.094345
-4.744932
-3.941582
-4.094345
-4.143135
-4.510860
-5.297484
-4.795791
-4.174387
-4.110874
-4.158883
-4.276666
-4.174387
-4.394449
-4.094345
-4.094345
-6.931472
-4.927254
-4.094345
-4.189655
-5.049856
-3.931826
-4.127134
-4.158883
-4.094345
-4.094345
-5.455321
-6.198479
-4.094345
-4.143135
-4.595120
-5.247024
-4.219508
-4.094345
-4.094345
-4.189655
-3.526361
-4.158883
-4.234107
-4.094345
-4.204693
-6.213107
-4.762174
-4.143135
-4.094345
-4.691348
-4.852030
-4.174387
-4.343805
-4.094345
-4.094345
-5.613128
-6.680855
-4.343805
-4.110874
-4.290459
-5.111988
-4.454347
-40.263161
-4.094345
-4.094345
-4.744932
-4.634729
-4.094345
-4.143135
-4.510860
-7.089243
-4.102643
-4.174387
-4.110874
-4.158883
-4.276666
-4.174387
-4.394449
-4.094345
-4.094345
-6.238325
-4.927254
-4.094345
-4.189655
-5.049856
-4.624973
-4.127134
-4.158883
-4.094345
-4.094345
-5.455321
-6.198479
-4.094345
-4.143135
-4.595120
-5.247024
-4.219508
-4.094345
-4.094345
-4.189655
-4.219508
-4.158883
-4.234107
-4.094345
-4.204693
-7.599401
-4.762174
-4.143135
-4.094345
-4.691348
-4.852030
-4.174387
-4.343805
-4.094345
-4.094345
-5.613128
-6.680855
-4.343805
-4.110874
-4.290459
-5.111988
-4.454347
-4.219508
-40.137998
-4.094345
-4.744932
-6.021023
-4.094345
-4.143135
-4.510860
-7.089243
-4.795791
-4.174387
-4.110874
-4.158883
-4.276666
-4.174387
-4.394449
-4.094345
-4.094345
-6.931472
-4.927254
-4.094345
-4.189655
-5.049856
-4.624973
-4.127134
-4.158883
-4.094345
-4.094345
-5.455321
-6.198479
-4.094345
-4.143135
-4.595120
-5.247024
-4.219508
-4.094345
-4.094345
-4.189655
-4.219508
-4.158883
-4.234107
-4.094345
-4.204693
-7.599401
-4.762174
-4.143135
-4.094345
-4.691348
-4.852030
-4.174387
-4.343805
-4.094345
-4.094345
-5.613128
-6.680855
-4.343805
-4.110874
-4.290459
-5.111988
-4.454347
-4.219508
-4.094345
-40.137998
-4.744932
-6.021023
-4.094345
-4.143135
-4.510860
-7.089243
-4.795791
-4.174387
-4.110874
-4.158883
-4.276666
-4.174387
-4.394449
-4.094345
-4.094345
-6.931472
-4.927254
-4.094345
-4.189655
-5.049856
-4.624973
-4.127134
-4.158883
-4.094345
-4.094345
-5.455321
-6.198479
-4.094345
-4.143135
-4.595120
-5.247024
-4.219508
-4.094345
-4.094345
-4.189655
-4.219508
-4.158883
-4.234107
-4.094345
-4.204693
-5.034452
-4.762174
-4.143135
-4.094345
-4.691348
-4.852030
-4.174387
-4.343805
-4.094345
-4.094345
-4.919981
-6.680855
-4.343805
-4.110874
-4.290459
-5.111988
-4.454347
-4.219508
-4.094345
-4.094345
-38.149528
-6.021023
-4.094345
-4.143135
-4.510860
-4.316654
-4.795791
-4.174387
-4.110874
-4.158883
-4.276666
-3.481240
-4.394449
-4.094345
-4.094345
-5.545177
-4.927254
-4.094345
-4.189655
-4.356709
-4.624973
-4.127134
-4.158883
-4.094345
-4.094345
-5.455321
-4.406719
-4.094345
-4.143135
-4.595120
-3.637586
-4.219508
-4.094345
-4.094345
-4.189655
-3.120895
-2.772589
-2.288196
-4.094345
-4.204693
-2.955010
-4.762174
-4.143135
-4.094345
-4.691348
-4.852030
-4.174387
-3.650658
-4.094345
-4.094345
-3.128221
-3.154494
-4.343805
-4.110874
-4.290459
-5.111988
-4.454347
-4.219508
-4.094345
-4.094345
-4.051785
-38.509329
-4.094345
-4.143135
-4.510860
-2.994899
-4.102643
-4.174387
-4.110874
-4.158883
-4.276666
-4.174387
-2.602690
-4.094345
-4.094345
-3.060271
-4.927254
-4.094345
-4.189655
-5.049856
-4.624973
-4.127134
-4.158883
-4.094345
-4.094345
-1.178655
-3.490429
-4.094345
-4.143135
-4.595120
-3.301114
-4.219508
-4.094345
-4.094345
-4.189655
-4.219508
-4.158883
-4.234107
-4.094345
-4.204693
-7.599401
-4.762174
-4.143135
-4.094345
-4.691348
-4.852030
-4.174387
-4.343805
-4.094345
-4.094345
-5.613128
-6.680855
-4.343805
-4.110874
-4.290459
-5.111988
-4.454347
-4.219508
-4.094345
-4.094345
-4.744932
-6.021023
-40.137998
-4.143135
-4.510860
-7.089243
-4.795791
-4.174387
-4.110874
-4.158883
-4.276666
-4.174387
-4.394449
-4.094345
-4.094345
-6.931472
-4.927254
-4.094345
-4.189655
-5.049856
-4.624973
-4.127134
-4.158883
-4.094345
-4.094345
-5.455321
-6.198479
-4.094345
-4.143135
-4.595120
-5.247024
-4.219508
-4.094345
-4.094345
-4.189655
-4.219508
-4.158883
-4.234107
-4.094345
-4.204693
-6.906254
-4.762174
-4.143135
-4.094345
-4.691348
-4.852030
-4.174387
-4.343805
-4.094345
-4.094345
-5.613128
-5.582242
-4.343805
-4.110874
-4.290459
-5.111988
-4.454347
-4.219508
-4.094345
-4.094345
-4.744932
-6.021023
-4.094345
-40.186788
-4.510860
-7.089243
-4.795791
-4.174387
-4.110874
-4.158883
-4.276666
-4.174387
-4.394449
-4.094345
-4.094345
-6.931472
-4.927254
-4.094345
-4.189655
-5.049856
-4.624973
-4.127134
-4.158883
-4.094345
-4.094345
-5.455321
-6.198479
-4.094345
-4.143135
-4.595120
-5.247024
-4.219508
-4.094345
-4.094345
-4.189655
-4.219508
-4.158883
-4.234107
-4.094345
-4.204693
-7.599401
-4.762174
-4.143135
-4.094345
-4.691348
-4.852030
-4.174387
-4.343805
-4.094345
-4.094345
-5.613128
-6.680855
-4.343805
-4.110874
-4.290459
-5.111988
-4.454347
-4.219508
-4.094345
-4.094345
-4.744932
-6.021023
-4.094345
-4.143135
-36.793313
-7.089243
-4.795791
-4.174387
-4.110874
-4.158883
-4.276666
-4.174387
-4.394449
-4.094345
-4.094345
-6.931472
-4.927254
-4.094345
-4.189655
-5.049856
-4.624973
-4.127134
-4.158883
-4.094345
-4.094345
-5.455321
-6.198479
-4.094345
-4.143135
-1.459626
-5.247024
-4.219508
-4.094345
-4.094345
-4.189655
-4.219508
-3.465736
-4.234107
-4.094345
-2.125251
-1.111717
-2.564949
-4.143135
-4.094345
-1.600305
-4.852030
-4.174387
-3.650658
-4.094345
-4.094345
-2.905078
-2.874192
-3.650658
-4.110874
-2.681022
-2.116256
-4.454347
-4.219508
-4.094345
-4.094345
-3.135494
-2.089198
-4.094345
-4.143135
-4.510860
-37.019214
-4.795791
-4.174387
-4.110874
-4.158883
-2.079442
-4.174387
-3.008155
-4.094345
-4.094345
-1.831605
-3.317816
-4.094345
-4.189655
-3.440418
-3.526361
-4.127134
-4.158883
-4.094345
-4.094345
-3.845883
-1.665879
-4.094345
-4.143135
-4.595120
-2.028148
-3.120895
-4.094345
-4.094345
-4.189655
-4.219508
-4.158883
-4.234107
-4.094345
-4.204693
-4.554879
-3.152736
-4.143135
-4.094345
-4.691348
-4.852030
-4.174387
-4.343805
-4.094345
-4.094345
-5.613128
-4.195948
-4.343805
-4.110874
-4.290459
-5.111988
-4.454347
-4.219508
-4.094345
-4.094345
-4.744932
-5.327876
-4.094345
-4.143135
-4.510860
-4.093511
-38.441549
-4.174387
-4.110874
-4.158883
-4.276666
-4.174387
-4.394449
-4.094345
-4.094345
-5.545177
-4.234107
-4.094345
-4.189655
-5.049856
-3.526361
-4.127134
-4.158883
-4.094345
-4.094345
-5.455321
-6.198479
-4.094345
-4.143135
-4.595120
-5.247024
-4.219508
-4.094345
-4.094345
-4.189655
-4.219508
-4.158883
-4.234107
-4.094345
-4.204693
-6.906254
-4.762174
-4.143135
-4.094345
-4.691348
-4.852030
-4.174387
-4.343805
-4.094345
-4.094345
-5.613128
-5.582242
-4.343805
-4.110874
-4.290459
-5.111988
-4.454347
-4.219508
-4.094345
-4.094345
-4.744932
-6.021023
-4.094345
-4.143135
-4.510860
-7.089243
-4.795791
-40.218041
-4.110874
-4.158883
-4.276666
-4.174387
-4.394449
-4.094345
-4.094345
-5.832860
-4.927254
-4.094345
-4.189655
-5.049856
-4.624973
-4.127134
-4.158883
-4.094345
-4.094345
-5.455321
-6.198479
-4.094345
-4.143135
-4.595120
-5.247024
-4.219508
-4.094345
-4.094345
-4.189655
-4.219508
-4.158883
-4.234107
-4.094345
-4.204693
-7.599401
-4.762174
-4.143135
-4.094345
-4.691348
-4.852030
-4.174387
-4.343805
-4.094345
-4.094345
-5.613128
-6.680855
-4.343805
-4.110874
-4.290459
-5.111988
-4.454347
-4.219508
-4.094345
-4.094345
-4.744932
-6.021023
-4.094345
-4.143135
-4.510860
-7.089243
-4.795791
-4.174387
-40.154527
-4.158883
-4.276666
-4.174387
-4.394449
-4.094345
-4.094345
-6.931472
-4.927254
-4.094345
-4.189655
-5.049856
-4.624973
-4.127134
-4.158883
-4.094345
-4.094345
-5.455321
-6.198479
-4.094345
-4.143135
-4.595120
-5.247024
-4.219508
-4.094345
-4.094345
-4.189655
-4.219508
-4.158883
-4.234107
-4.094345
-4.204693
-6.906254
-4.762174
-4.143135
-4.094345
-4.691348
-4.852030
-4.174387
-4.343805
-4.094345
-4.094345
-5.613128
-6.680855
-4.343805
-4.110874
-4.290459
-5.111988
-4.454347
-4.219508
-4.094345
-4.094345
-4.744932
-6.021023
-4.094345
-4.143135
-4.510860
-7.089243
-4.795791
-4.174387
-4.110874
-38.593099
-4.276666
-4.174387
-4.394449
-4.094345
-4.094345
-6.931472
-4.927254
-4.094345
-4.189655
-5.049856
-4.624973
-4.127134
-4.158883
-4.094345
-4.094345
-5.455321
-4.812184
-4.094345
-4.143135
-4.595120
-5.247024
-4.219508
-4.094345
-4.094345
-4.189655
-4.219508
-4.158883
-4.234107
-4.094345
-4.204693
-6.213107
-4.762174
-4.143135
-4.094345
-4.691348
-3.465736
-3.481240
-4.343805
-4.094345
-4.094345
-4.226834
-6.680855
-4.343805
-4.110874
-4.290459
-5.111988
-4.454347
-4.219508
-4.094345
-4.094345
-4.744932
-6.021023
-4.094345
-4.143135
-4.510860
-7.089243
-4.795791
-4.174387
-4.110874
-4.158883
-38.528560
-4.174387
-4.394449
-4.094345
-4.094345
-6.931472
-4.927254
-4.094345
-4.189655
-5.049856
-4.624973
-3.028522
-4.158883
-4.094345
-4.094345
-5.455321
-6.198479
-4.094345
-4.143135
-4.595120
-5.247024
-4.219508
-4.094345
-4.094345
-4.189655
-4.219508
-4.158883
-4.234107
-4.094345
-4.204693
-6.500789
-4.762174
-4.143135
-4.094345
-4.691348
-4.852030
-4.174387
-4.343805
-4.094345
-4.094345
-4.514516
-6.680855
-4.343805
-4.110874
-4.290459
-5.111988
-4.454347
-4.219508
-4.094345
-4.094345
-4.744932
-5.327876
-4.094345
-4.143135
-4.510860
-7.089243
-4.795791
-4.174387
-4.110874
-4.158883
-4.276666
-39.119428
-4.394449
-4.094345
-4.094345
-6.931472
-4.927254
-4.094345
-4.189655
-5.049856
-4.624973
-4.127134
-4.158883
-4.094345
-4.094345
-5.455321
-6.198479
-4.094345
-4.143135
-4.595120
-5.247024
-4.219508
-4.094345
-4.094345
-4.189655
-4.219508
-4.158883
-4.234107
-4.094345
-4.204693
-5.653491
-4.762174
-4.143135
-4.094345
-4.691348
-4.852030
-4.174387
-4.343805
-4.094345
-4.094345
-5.613128
-6.680855
-4.343805
-4.110874
-4.290459
-5.111988
-4.454347
-4.219508
-4.094345
-4.094345
-4.744932
-5.327876
-4.094345
-4.143135
-4.510860
-4.786658
-4.795791
-4.174387
-4.110874
-4.158883
-4.276666
-4.174387
-40.438103
-4.094345
-4.094345
-6.238325
-4.927254
-4.094345
-4.189655
-5.049856
-4.624973
-4.127134
-4.158883
-4.094345
-4.094345
-5.455321
-4.812184
-4.094345
-4.143135
-4.595120
-4.553877
-4.219508
-4.094345
-4.094345
-4.189655
-4.219508
-4.158883
-4.234107
-4.094345
-4.204693
-7.599401
-4.762174
-4.143135
-4.094345
-4.691348
-4.852030
-4.174387
-4.343805
-4.094345
-4.094345
-5.613128
-6.680855
-4.343805
-4.110874
-4.290459
-5.111988
-4.454347
-4.219508
-4.094345
-4.094345
-4.744932
-6.021023
-4.094345
-4.143135
-4.510860
-7.089243
-4.795791
-4.174387
-4.110874
-4.158883
-4.276666
-4.174387
-4.394449
-40.137998
-4.094345
-6.931472
-4.927254
-4.094345
-4.189655
-5.049856
-4.624973
-4.127134
-4.158883
-4.094345
-4.094345
-5.455321
-6.198479
-4.094345
-4.143135
-4.595120
-5.247024
-4.219508
-4.094345
-4.094345
-4.189655
-4.219508
-4.158883
-4.234107
-4.094345
-4.204693
-7.599401
-4.762174
-4.143135
-4.094345
-4.691348
-4.852030
-4.174387
-4.343805
-4.094345
-4.094345
-5.613128
-6.680855
-4.343805
-4.110874
-4.290459
-5.111988
-4.454347
-4.219508
-4.094345
-4.094345
-4.744932
-6.021023
-4.094345
-4.143135
-4.510860
-7.089243
-4.795791
-4.174387
-4.110874
-4.158883
-4.276666
-4.174387
-4.394449
-4.094345
-40.137998
-6.931472
-4.927254
-4.094345
-4.189655
-5.049856
-4.624973
-4.127134
-4.158883
-4.094345
-4.094345
-5.455321
-6.198479
-4.094345
-4.143135
-4.595120
-5.247024
-4.219508
-4.094345
-4.094345
-4.189655
-4.219508
-4.158883
-4.234107
-4.094345
-4.204693
-2.012153
-1.429969
-2.756840
-4.094345
-3.998201
-4.852030
-4.174387
-3.245193
-4.094345
-4.094345
-1.113318
-1.533360
-2.957511
-4.110874
-4.290459
-2.809403
-4.454347
-4.219508
-4.094345
-4.094345
-4.744932
-2.653728
-4.094345
-4.143135
-4.510860
-1.941749
-3.409496
-4.174387
-4.110874
-4.158883
-4.276666
-4.174387
-3.701302
-4.094345
-4.094345
-36.870332
-2.154665
-4.094345
-4.189655
-1.098612
-2.060023
-4.127134
-4.158883
-4.094345
-4.094345
-3.375880
-1.709842
-4.094345
-4.143135
-4.595120
-3.301114
-4.219508
-4.094345
-4.094345
-4.189655
-3.526361
-4.158883
-4.234107
-4.094345
-4.204693
-4.508359
-2.816264
-4.143135
-4.094345
-4.691348
-4.852030
-4.174387
-4.343805
-4.094345
-4.094345
-3.821369
-3.736416
-4.343805
-3.417727
-4.290459
-5.111988
-4.454347
-4.219508
-4.094345
-4.094345
-4.744932
-4.634729
-4.094345
-4.143135
-4.510860
-5.143333
-4.102643
-4.174387
-4.110874
-4.158883
-4.276666
-4.174387
-3.701302
-4.094345
-4.094345
-4.734247
-36.528256
-4.094345
-4.189655
-5.049856
-3.931826
-4.127134
-4.158883
-4.094345
-4.094345
-5.455321
-4.406719
-4.094345
-4.143135
-4.595120
-4.553877
-4.219508
-4.094345
-4.094345
-4.189655
-4.219508
-4.158883
-4.234107
-4.094345
-4.204693
-7.599401
-4.762174
-4.143135
-4.094345
-4.691348
-4.852030
-4.174387
-4.343805
-4.094345
-4.094345
-5.613128
-6.680855
-4.343805
-4.110874
-4.290459
-5.111988
-4.454347
-4.219508
-4.094345
-4.094345
-4.744932
-6.021023
-4.094345
-4.143135
-4.510860
-7.089243
-4.795791
-4.174387
-4.110874
-4.158883
-4.276666
-4.174387
-4.394449
-4.094345
-4.094345
-6.931472
-4.927254
-40.137998
-4.189655
-5.049856
-4.624973
-4.127134
-4.158883
-4.094345
-4.094345
-5.455321
-6.198479
-4.094345
-4.143135
-4.595120
-5.247024
-4.219508
-4.094345
-4.094345
-4.189655
-4.219508
-4.158883
-4.234107
-4.094345
-4.204693
-6.213107
-4.762174
-4.143135
-4.094345
-4.691348
-4.852030
-4.174387
-4.343805
-4.094345
-4.094345
-4.919981
-6.680855
-4.343805
-4.110874
-4.290459
-5.111988
-4.454347
-4.219508
-4.094345
-4.094345
-4.744932
-6.021023
-4.094345
-4.143135
-4.510860
-7.089243
-4.795791
-4.174387
-4.110874
-4.158883
-4.276666
-4.174387
-4.394449
-4.094345
-4.094345
-5.832860
-4.927254
-4.094345
-40.233308
-5.049856
-4.624973
-4.127134
-4.158883
-4.094345
-4.094345
-5.455321
-6.198479
-4.094345
-4.143135
-4.595120
-5.247024
-4.219508
-4.094345
-4.094345
-4.189655
-4.219508
-4.158883
-4.234107
-4.094345
-4.204693
-4.421348
-4.762174
-4.143135
-4.094345
-4.691348
-4.852030
-4.174387
-4.343805
-4.094345
-4.094345
-3.533687
-4.601413
-4.343805
-4.110874
-4.290459
-5.111988
-4.454347
-4.219508
-4.094345
-4.094345
-4.744932
-5.327876
-4.094345
-4.143135
-4.510860
-5.297484
-4.102643
-4.174387
-4.110874
-4.158883
-4.276666
-4.174387
-4.394449
-4.094345
-4.094345
-3.347953
-4.927254
-4.094345
-4.189655
-38.608603
-3.931826
-4.127134
-4.158883
-4.094345
-4.094345
-5.455321
-5.505332
-4.094345
-4.143135
-4.595120
-5.247024
-4.219508
-4.094345
-4.094345
-4.189655
-4.219508
-4.158883
-4.234107
-4.094345
-4.204693
-5.201506
-4.762174
-4.143135
-4.094345
-4.691348
-4.852030
-4.174387
-4.343805
-4.094345
-4.094345
-5.613128
-5.582242
-4.343805
-4.110874
-4.290459
-2.914763
-3.068053
-4.219508
-4.094345
-4.094345
-2.799022
-5.327876
-4.094345
-4.143135
-4.510860
-5.702949
-4.795791
-4.174387
-4.110874
-4.158883
-4.276666
-4.174387
-4.394449
-4.094345
-4.094345
-5.545177
-3.828641
-4.094345
-4.189655
-5.049856
-38.103677
-4.127134
-4.158883
-4.094345
-4.094345
-4.762174
-6.198479
-4.094345
-4.143135
-4.595120
-5.247024
-3.120895
-4.094345
-4.094345
-4.189655
-4.219508
-4.158883
-4.234107
-4.094345
-4.204693
-7.599401
-4.762174
-4.143135
-4.094345
-4.691348
-4.852030
-4.174387
-4.343805
-4.094345
-4.094345
-5.613128
-6.680855
-4.343805
-4.110874
-4.290459
-5.111988
-4.454347
-4.219508
-4.094345
-4.094345
-4.744932
-6.021023
-4.094345
-4.143135
-4.510860
-7.089243
-4.795791
-4.174387
-4.110874
-4.158883
-4.276666
-4.174387
-4.394449
-4.094345
-4.094345
-6.931472
-4.927254
-4.094345
-4.189655
-5.049856
-3.526361
-40.170788
-4.158883
-4.094345
-4.094345
-5.455321
-6.198479
-4.094345
-4.143135
-4.595120
-5.247024
-4.219508
-4.094345
-4.094345
-4.189655
-4.219508
-4.158883
-4.234107
-4.094345
-4.204693
-5.989963
-4.762174
-4.143135
-4.094345
-4.691348
-4.852030
-4.174387
-4.343805
-4.094345
-4.094345
-5.613128
-6.680855
-4.343805
-4.110874
-4.290459
-5.111988
-4.454347
-4.219508
-4.094345
-4.094345
-4.744932
-6.021023
-4.094345
-4.143135
-4.510860
-7.089243
-4.795791
-4.174387
-4.110874
-4.158883
-4.276666
-4.174387
-4.394449
-4.094345
-4.094345
-6.931472
-4.927254
-4.094345
-4.189655
-5.049856
-4.624973
-4.127134
-40.202536
-4.094345
-4.094345
-5.455321
-6.198479
-4.094345
-4.143135
-4.595120
-5.247024
-4.219508
-4.094345
-4.094345
-4.189655
-4.219508
-4.158883
-4.234107
-4.094345
-4.204693
-7.599401
-4.762174
-4.143135
-4.094345
-4.691348
-4.852030
-4.174387
-4.343805
-4.094345
-4.094345
-5.613128
-6.680855
-4.343805
-4.110874
-4.290459
-5.111988
-4.454347
-4.219508
-4.094345
-4.094345
-4.744932
-6.021023
-4.094345
-4.143135
-4.510860
-7.089243
-4.795791
-4.174387
-4.110874
-4.158883
-4.276666
-4.174387
-4.394449
-4.094345
-4.094345
-6.931472
-4.927254
-4.094345
-4.189655
-5.049856
-4.624973
-4.127134
-4.158883
-40.137998
-4.094345
-5.455321
-6.198479
-4.094345
-4.143135
-4.595120
-5.247024
-4.219508
-4.094345
-4.094345
-4.189655
-4.219508
-4.158883
-4.234107
-4.094345
-4.204693
-7.599401
-4.762174
-4.143135
-4.094345
-4.691348
-4.852030
-4.174387
-4.343805
-4.094345
-4.094345
-5.613128
-6.680855
-4.343805
-4.110874
-4.290459
-5.111988
-4.454347
-4.219508
-4.094345
-4.094345
-4.744932
-6.021023
-4.094345
-4.143135
-4.510860
-7.089243
-4.795791
-4.174387
-4.110874
-4.158883
-4.276666
-4.174387
-4.394449
-4.094345
-4.094345
-6.931472
-4.927254
-4.094345
-4.189655
-5.049856
-4.624973
-4.127134
-4.158883
-4.094345
-40.137998
-5.455321
-6.198479
-4.094345
-4.143135
-4.595120
-5.247024
-4.219508
-4.094345
-4.094345
-4.189655
-4.219508
-4.158883
-4.234107
-4.094345
-4.204693
-3.707581
-4.762174
-4.143135
-4.094345
-4.691348
-4.852030
-2.788093
-2.734368
-4.094345
-4.094345
-5.613128
-5.071417
-4.343805
-4.110874
-4.290459
-5.111988
-3.761200
-4.219508
-4.094345
-4.094345
-2.665491
-1.578372
-4.094345
-4.143135
-4.510860
-5.143333
-4.795791
-4.174387
-4.110874
-4.158883
-4.276666
-4.174387
-4.394449
-4.094345
-4.094345
-5.322034
-3.135494
-4.094345
-4.189655
-4.356709
-4.624973
-4.127134
-4.158883
-4.094345
-4.094345
-37.092255
-6.198479
-4.094345
-4.143135
-3.901973
-4.553877
-4.219508
-4.094345
-4.094345
-4.189655
-3.120895
-4.158883
-4.234107
-4.094345
-4.204693
-2.747371
-4.762174
-4.143135
-4.094345
-4.691348
-4.852030
-4.174387
-4.343805
-4.094345
-4.094345
-3.821369
-3.348650
-2.397895
-4.110874
-3.191847
-5.111988
-4.454347
-4.219508
-4.094345
-4.094345
-1.653890
-3.381966
-4.094345
-4.143135
-4.510860
-2.745438
-4.795791
-4.174387
-4.110874
-4.158883
-4.276666
-4.174387
-4.394449
-4.094345
-4.094345
-2.177882
-1.836211
-4.094345
-4.189655
-3.951244
-3.931826
-4.127134
-4.158883
-4.094345
-4.094345
-3.663562
-37.709533
-4.094345
-4.143135
-2.985682
-2.944439
-4.219508
-4.094345
-4.094345
-4.189655
-4.219508
-4.158883
-4.234107
-4.094345
-4.204693
-7.599401
-4.762174
-4.143135
-4.094345
-4.691348
-4.852030
-4.174387
-4.343805
-4.094345
-4.094345
-5.613128
-6.680855
-4.343805
-4.110874
-4.290459
-5.111988
-4.454347
-4.219508
-4.094345
-4.094345
-4.744932
-6.021023
-4.094345
-4.143135
-4.510860
-7.089243
-4.795791
-4.174387
-4.110874
-4.158883
-4.276666
-4.174387
-4.394449
-4.094345
-4.094345
-6.931472
-4.927254
-4.094345
-4.189655
-5.049856
-4.624973
-4.127134
-4.158883
-4.094345
-4.094345
-5.455321
-6.198479
-40.137998
-4.143135
-4.595120
-5.247024
-4.219508
-4.094345
-4.094345
-4.189655
-4.219508
-4.158883
-4.234107
-4.094345
-4.204693
-7.599401
-4.762174
-4.143135
-4.094345
-4.691348
-4.852030
-4.174387
-4.343805
-4.094345
-4.094345
-5.613128
-5.582242
-4.343805
-4.110874
-4.290459
-5.111988
-4.454347
-4.219508
-4.094345
-4.094345
-4.744932
-6.021023
-4.094345
-4.143135
-4.510860
-6.396096
-4.795791
-4.174387
-4.110874
-4.158883
-4.276666
-4.174387
-4.394449
-4.094345
-4.094345
-6.931472
-4.927254
-4.094345
-4.189655
-5.049856
-4.624973
-4.127134
-4.158883
-4.094345
-4.094345
-5.455321
-6.198479
-4.094345
-40.186788
-4.595120
-5.247024
-4.219508
-4.094345
-4.094345
-4.189655
-4.219508
-4.158883
-4.234107
-4.094345
-4.204693
-7.599401
-4.762174
-4.143135
-4.094345
-4.691348
-4.852030
-4.174387
-4.343805
-4.094345
-4.094345
-5.613128
-5.582242
-4.343805
-4.110874
-4.290459
-5.111988
-4.454347
-4.219508
-4.094345
-4.094345
-4.744932
-5.327876
-4.094345
-4.143135
-1.143564
-7.089243
-4.795791
-4.174387
-4.110874
-4.158883
-4.276666
-4.174387
-4.394449
-4.094345
-4.094345
-6.238325
-4.927254
-4.094345
-4.189655
-2.970414
-4.624973
-4.127134
-4.158883
-4.094345
-4.094345
-5.455321
-6.198479
-4.094345
-4.143135
-37.999716
-5.247024
-4.219508
-4.094345
-4.094345
-4.189655
-4.219508
-4.158883
-4.234107
-4.094345
-4.204693
-4.073041
-4.069027
-4.143135
-4.094345
-4.691348
-4.852030
-4.174387
-4.343805
-4.094345
-4.094345
-5.613128
-4.195948
-4.343805
-4.110874
-4.290459
-4.013375
-4.454347
-4.219508
-4.094345
-4.094345
-4.744932
-4.922411
-4.094345
-4.143135
-4.510860
-3.478325
-2.716349
-4.174387
-4.110874
-4.158883
-4.276666
-4.174387
-4.394449
-4.094345
-4.094345
-3.935740
-3.828641
-4.094345
-4.189655
-5.049856
-4.624973
-4.127134
-4.158883
-4.094345
-4.094345
-5.455321
-3.490429
-4.094345
-4.143135
-4.595120
-38.199635
-4.219508
-4.094345
-4.094345
-4.189655
-4.219508
-4.158883
-4.234107
-4.094345
-4.204693
-6.906254
-4.762174
-4.143135
-4.094345
-4.691348
-4.852030
-4.174387
-4.343805
-4.094345
-4.094345
-5.613128
-6.680855
-4.343805
-4.110874
-4.290459
-5.111988
-4.454347
-4.219508
-4.094345
-4.094345
-4.744932
-6.021023
-4.094345
-4.143135
-4.510860
-6.396096
-4.795791
-4.174387
-4.110874
-3.060271
-4.276666
-4.174387
-4.394449
-4.094345
-4.094345
-6.931472
-4.927254
-4.094345
-4.189655
-5.049856
-4.624973
-4.127134
-4.158883
-4.094345
-4.094345
-5.455321
-6.198479
-4.094345
-4.143135
-4.595120
-3.637586
-40.263161
-4.094345
-4.094345
-4.189655
-4.219508
-4.158883
-4.234107
-4.094345
-4.204693
-7.599401
-4.762174
-4.143135
-4.094345
-4.691348
-4.852030
-4.174387
-4.343805
-4.094345
-4.094345
-5.613128
-6.680855
-4.343805
-4.110874
-4.290459
-5.111988
-4.454347
-4.219508
-4.094345
-4.094345
-4.744932
-6.021023
-4.094345
-4.143135
-4.510860
-7.089243
-4.795791
-4.174387
-4.110874
-4.158883
-4.276666
-4.174387
-4.394449
-4.094345
-4.094345
-6.931472
-4.927254
-4.094345
-4.189655
-5.049856
-4.624973
-4.127134
-4.158883
-4.094345
-4.094345
-5.455321
-6.198479
-4.094345
-4.143135
-4.595120
-5.247024
-4.219508
-40.137998
-4.094345
-4.189655
-4.219508
-4.158883
-4.234107
-4.094345
-4.204693
-7.599401
-4.762174
-4.143135
-4.094345
-4.691348
-4.852030
-4.174387
-4.343805
-4.094345
-4.094345
-5.613128
-6.680855
-4.343805
-4.110874
-4.290459
-5.111988
-4.454347
-4.219508
-4.094345
-4.094345
-4.744932
-6.021023
-4.094345
-4.143135
-4.510860
-7.089243
-4.795791
-4.174387
-4.110874
-4.158883
-4.276666
-4.174387
-4.394449
-4.094345
-4.094345
-6.931472
-4.927254
-4.094345
-4.189655
-5.049856
-4.624973
-4.127134
-4.158883
-4.094345
-4.094345
-5.455321
-6.198479
-4.094345
-4.143135
-4.595120
-5.247024
-4.219508
-4.094345
-40.137998
-4.189655
-4.219508
-4.158883
-4.234107
-4.094345
-4.204693
-7.599401
-2.816264
-4.143135
-4.094345
-4.691348
-4.852030
-4.174387
-4.343805
-4.094345
-4.094345
-5.613128
-6.680855
-4.343805
-4.110874
-4.290459
-5.111988
-4.454347
-4.219508
-4.094345
-4.094345
-4.744932
-6.021023
-4.094345
-4.143135
-4.510860
-7.089243
-4.795791
-4.174387
-4.110874
-4.158883
-4.276666
-4.174387
-4.394449
-4.094345
-4.094345
-6.931472
-4.927254
-4.094345
-4.189655
-5.049856
-4.624973
-4.127134
-4.158883
-4.094345
-4.094345
-5.455321
-6.198479
-4.094345
-4.143135
-4.595120
-5.247024
-4.219508
-4.094345
-4.094345
-40.233308
-4.219508
-4.158883
-4.234107
-4.094345
-4.204693
-6.500789
-4.762174
-4.143135
-4.094345
-4.691348
-4.852030
-4.174387
-4.343805
-4.094345
-4.094345
-5.613128
-6.680855
-4.343805
-4.110874
-4.290459
-5.111988
-4.454347
-4.219508
-4.094345
-4.094345
-4.744932
-6.021023
-4.094345
-4.143135
-4.510860
-7.089243
-4.795791
-4.174387
-4.110874
-4.158883
-3.583519
-4.174387
-4.394449
-4.094345
-4.094345
-6.238325
-4.927254
-4.094345
-4.189655
-5.049856
-4.624973
-4.127134
-4.158883
-4.094345
-4.094345
-5.455321
-5.099866
-4.094345
-4.143135
-4.595120
-5.247024
-4.219508
-4.094345
-4.094345
-4.189655
-39.164549
-4.158883
-4.234107
-4.094345
-4.204693
-6.213107
-4.762174
-4.143135
-4.094345
-4.691348
-4.852030
-4.174387
-4.343805
-4.094345
-4.094345
-5.613128
-6.680855
-4.343805
-4.110874
-4.290459
-5.111988
-4.454347
-4.219508
-4.094345
-4.094345
-4.744932
-6.021023
-4.094345
-4.143135
-4.510860
-7.089243
-4.795791
-4.174387
-4.110874
-4.158883
-4.276666
-4.174387
-4.394449
-4.094345
-4.094345
-6.931472
-4.927254
-4.094345
-4.189655
-5.049856
-4.624973
-4.127134
-4.158883
-4.094345
-4.094345
-5.455321
-6.198479
-4.094345
-4.143135
-4.595120
-5.247024
-4.219508
-4.094345
-4.094345
-4.189655
-3.526361
-39.509389
-4.234107
-4.094345
-4.204693
-5.519960
-4.762174
-4.143135
-4.094345
-4.691348
-4.852030
-4.174387
-4.343805
-4.094345
-4.094345
-5.613128
-5.987707
-4.343805
-4.110874
-4.290459
-5.111988
-4.454347
-4.219508
-4.094345
-4.094345
-4.744932
-6.021023
-4.094345
-4.143135
-4.510860
-6.396096
-4.795791
-3.075775
-4.110874
-4.158883
-4.276666
-4.174387
-4.394449
-4.094345
-4.094345
-6.931472
-4.927254
-4.094345
-4.189655
-5.049856
-4.624973
-4.127134
-4.158883
-4.094345
-4.094345
-5.455321
-6.198479
-4.094345
-4.143135
-4.595120
-5.247024
-4.219508
-4.094345
-4.094345
-4.189655
-4.219508
-4.158883
-38.891466
-4.094345
-4.204693
-7.599401
-4.762174
-4.143135
-4.094345
-4.691348
-4.852030
-4.174387
-4.343805
-4.094345
-4.094345
-5.613128
-6.680855
-4.343805
-4.110874
-4.290459
-5.111988
-4.454347
-4.219508
-4.094345
-4.094345
-4.744932
-6.021023
-4.094345
-4.143135
-4.510860
-7.089243
-4.795791
-4.174387
-4.110874
-4.158883
-4.276666
-4.174387
-4.394449
-4.094345
-4.094345
-6.931472
-4.927254
-4.094345
-4.189655
-5.049856
-4.624973
-4.127134
-4.158883
-4.094345
-4.094345
-5.455321
-6.198479
-4.094345
-4.143135
-4.595120
-5.247024
-4.219508
-4.094345
-4.094345
-4.189655
-4.219508
-4.158883
-4.234107
-40.137998
-4.204693
-7.599401
-4.762174
-4.143135
-4.094345
-4.691348
-4.852030
-4.174387
-4.343805
-4.094345
-4.094345
-5.613128
-6.680855
-4.343805
-4.110874
-4.290459
-5.111988
-4.454347
-4.219508
-4.094345
-4.094345
-4.744932
-6.021023
-4.094345
-4.143135
-3.817712
-7.089243
-4.795791
-4.174387
-4.110874
-4.158883
-4.276666
-4.174387
-4.394449
-4.094345
-4.094345
-6.931472
-4.927254
-4.094345
-4.189655
-5.049856
-4.624973
-4.127134
-4.158883
-4.094345
-4.094345
-5.455321
-6.198479
-4.094345
-4.143135
-2.649210
-5.247024
-4.219508
-4.094345
-4.094345
-4.189655
-4.219508
-4.158883
-4.234107
-4.094345
-38.302436