-37.758917
-3.044522
-4.094345
-4.127134
-4.094345
-2.079442
-4.110874
-4.158883
-4.094345
-4.094345
-2.030651
-2.612389
-3.044522
-4.094345
-4.143135
-4.465908
-4.234107
-4.094345
-4.094345
-4.094345
-2.508922
-4.804021
-4.127134
-4.369448
-4.330733
-3.509411
-3.412247
-4.094345
-4.094345
-4.094345
-4.127134
-4.219508
-4.204693
-4.094345
-4.094345
-1.024504
-3.198673
-4.094345
-4.094345
-2.397895
-3.449988
-4.394449
-4.094345
-4.094345
-4.094345
-4.828314
-3.641963
-4.094345
-4.094345
-4.094345
-4.605170
-4.418841
-4.094345
-4.094345
-4.094345
-4.330733
-4.174387
-4.477337
-4.127134
-4.094345
-3.867026
-37.216374
-4.094345
-4.127134
-4.094345
-4.276666
-4.110874
-4.158883
-4.094345
-4.094345
-5.075174
-5.556828
-4.143135
-4.094345
-4.143135
-4.465908
-4.234107
-4.094345
-4.094345
-4.094345
-5.686975
-4.804021
-4.127134
-4.369448
-4.330733
-5.455321
-2.112964
-4.094345
-4.094345
-4.094345
-4.127134
-4.219508
-4.204693
-4.094345
-4.094345
-5.273000
-4.584967
-4.094345
-4.094345
-4.189655
-4.143135
-4.394449
-4.094345
-4.094345
-4.094345
-4.828314
-4.180959
-4.094345
-4.094345
-4.094345
-4.605170
-4.418841
-4.094345
-4.094345
-4.094345
-3.232121
-4.174387
-4.477337
-4.127134
-4.094345
-5.476464
-4.430817
-40.137998
-4.127134
-4.094345
-4.276666
-4.110874
-4.158883
-4.094345
-4.094345
-5.075174
-5.556828
-4.143135
-4.094345
-4.143135
-4.465908
-4.234107
-4.094345
-4.094345
-4.094345
-5.686975
-4.804021
-4.127134
-4.369448
-4.330733
-5.455321
-4.510860
-4.094345
-4.094345
-4.094345
-4.127134
-4.219508
-4.204693
-4.094345
-4.094345
-5.273000
-4.584967
-4.094345
-4.094345
-4.189655
-4.143135
-4.394449
-4.094345
-4.094345
-4.094345
-4.828314
-6.126869
-4.094345
-4.094345
-4.094345
-4.605170
-4.418841
-4.094345
-4.094345
-4.094345
-4.330733
-4.174387
-4.477337
-4.127134
-4.094345
-4.377851
-4.430817
-4.094345
-39.072175
-4.094345
-4.276666
-4.110874
-4.158883
-4.094345
-4.094345
-5.075174
-5.556828
-4.143135
-4.094345
-4.143135
-4.465908
-4.234107
-4.094345
-4.094345
-4.094345
-5.686975
-4.804021
-4.127134
-4.369448
-4.330733
-5.455321
-4.510860
-4.094345
-4.094345
-4.094345
-4.127134
-4.219508
-4.204693
-4.094345
-4.094345
-5.273000
-4.584967
-4.094345
-4.094345
-4.189655
-4.143135
-4.394449
-4.094345
-4.094345
-4.094345
-4.828314
-6.126869
-4.094345
-4.094345
-4.094345
-4.605170
-4.418841
-4.094345
-4.094345
-4.094345
-4.330733
-4.174387
-4.477337
-4.127134
-4.094345
-5.476464
-4.430817
-4.094345
-4.127134
-40.137998
-4.276666
-4.110874
-4.158883
-4.094345
-4.094345
-5.075174
-5.556828
-4.143135
-4.094345
-4.143135
-4.465908
-4.234107
-4.094345
-4.094345
-4.094345
-5.686975
-4.804021
-4.127134
-4.369448
-4.330733
-5.455321
-4.510860
-4.094345
-4.094345
-4.094345
-4.127134
-4.219508
-4.204693
-4.094345
-4.094345
-5.273000
-4.584967
-4.094345
-4.094345
-4.189655
-4.143135
-4.394449
-4.094345
-4.094345
-4.094345
-4.828314
-6.126869
-4.094345
-4.094345
-4.094345
-4.605170
-4.418841
-4.094345
-4.094345
-4.094345
-4.330733
-4.174387
-4.477337
-4.127134
-4.094345
-5.476464
-4.430817
-4.094345
-4.127134
-4.094345
-39.627172
-4.110874
-4.158883
-4.094345
-4.094345
-2.510224
-5.556828
-4.143135
-4.094345
-4.143135
-4.465908
-4.234107
-4.094345
-4.094345
-4.094345
-5.686975
-4.804021
-4.127134
-4.369448
-4.330733
-5.455321
-4.510860
-4.094345
-4.094345
-4.094345
-4.127134
-4.219508
-4.204693
-4.094345
-4.094345
-5.273000
-4.584967
-4.094345
-4.094345
-4.189655
-4.143135
-4.394449
-4.094345
-4.094345
-4.094345
-4.828314
-6.126869
-4.094345
-4.094345
-4.094345
-4.605170
-4.418841
-4.094345
-4.094345
-4.094345
-4.330733
-4.174387
-4.477337
-4.127134
-4.094345
-5.476464
-4.430817
-4.094345
-4.127134
-4.094345
-4.276666
-38.768233
-4.158883
-4.094345
-4.094345
-5.075174
-5.556828
-4.143135
-4.094345
-4.143135
-4.465908
-4.234107
-4.094345
-4.094345
-4.094345
-5.686975
-4.804021
-4.127134
-4.369448
-4.330733
-5.455321
-4.510860
-4.094345
-4.094345
-4.094345
-4.127134
-4.219508
-4.204693
-4.094345
-4.094345
-5.273000
-4.584967
-4.094345
-4.094345
-4.189655
-4.143135
-4.394449
-4.094345
-4.094345
-4.094345
-4.828314
-6.126869
-4.094345
-4.094345
-4.094345
-4.605170
-3.725693
-4.094345
-4.094345
-4.094345
-4.330733
-4.174387
-4.477337
-4.127134
-4.094345
-4.377851
-4.430817
-4.094345
-4.127134
-4.094345
-4.276666
-4.110874
-40.202536
-4.094345
-4.094345
-5.075174
-5.556828
-4.143135
-4.094345
-4.143135
-4.465908
-4.234107
-4.094345
-4.094345
-4.094345
-5.686975
-4.804021
-4.127134
-4.369448
-4.330733
-5.455321
-4.510860
-4.094345
-4.094345
-4.094345
-4.127134
-4.219508
-4.204693
-4.094345
-4.094345
-5.273000
-4.584967
-4.094345
-4.094345
-4.189655
-4.143135
-4.394449
-4.094345
-4.094345
-4.094345
-3.729701
-6.126869
-4.094345
-4.094345
-4.094345
-4.605170
-4.418841
-4.094345
-4.094345
-4.094345
-4.330733
-4.174387
-4.477337
-4.127134
-4.094345
-5.476464
-4.430817
-4.094345
-4.127134
-4.094345
-4.276666
-4.110874
-4.158883
-40.137998
-4.094345
-5.075174
-5.556828
-4.143135
-4.094345
-4.143135
-4.465908
-4.234107
-4.094345
-4.094345
-4.094345
-5.686975
-4.804021
-4.127134
-4.369448
-4.330733
-5.455321
-4.510860
-4.094345
-4.094345
-4.094345
-4.127134
-4.219508
-4.204693
-4.094345
-4.094345
-5.273000
-4.584967
-4.094345
-4.094345
-4.189655
-4.143135
-4.394449
-4.094345
-4.094345
-4.094345
-4.828314
-6.126869
-4.094345
-4.094345
-4.094345
-4.605170
-4.418841
-4.094345
-4.094345
-4.094345
-4.330733
-4.174387
-4.477337
-4.127134
-4.094345
-5.476464
-4.430817
-4.094345
-4.127134
-4.094345
-4.276666
-4.110874
-4.158883
-4.094345
-40.137998
-5.075174
-5.556828
-4.143135
-4.094345
-4.143135
-4.465908
-4.234107
-4.094345
-4.094345
-4.094345
-5.686975
-4.804021
-4.127134
-4.369448
-4.330733
-5.455321
-4.510860
-4.094345
-4.094345
-4.094345
-4.127134
-4.219508
-4.204693
-4.094345
-4.094345
-5.273000
-4.584967
-4.094345
-4.094345
-4.189655
-4.143135
-4.394449
-4.094345
-4.094345
-4.094345
-4.828314
-6.126869
-4.094345
-4.094345
-4.094345
-4.605170
-4.418841
-4.094345
-4.094345
-4.094345
-4.330733
-4.174387
-4.477337
-4.127134
-4.094345
-3.530553
-4.430817
-4.094345
-4.127134
-4.094345
-4.276666
-4.110874
-4.158883
-4.094345
-4.094345
-36.503707
-4.458216
-4.143135
-4.094345
-4.143135
-1.421386
-3.135494
-4.094345
-4.094345
-4.094345
-4.300681
-3.012262
-4.127134
-2.760010
-3.637586
-3.375880
-4.510860
-4.094345
-4.094345
-4.094345
-4.127134
-4.219508
-2.818398
-4.094345
-4.094345
-5.273000
-3.486355
-4.094345
-4.094345
-4.189655
-4.143135
-4.394449
-4.094345
-4.094345
-4.094345
-2.120264
-2.692882
-4.094345
-4.094345
-4.094345
-4.605170
-4.418841
-4.094345
-4.094345
-4.094345
-4.330733
-4.174387
-3.784190
-4.127134
-4.094345
-2.768413
-4.430817
-4.094345
-4.127134
-4.094345
-4.276666
-4.110874
-3.060271
-4.094345
-4.094345
-2.877949
-37.282993
-4.143135
-4.094345
-4.143135
-4.465908
-2.624669
-4.094345
-4.094345
-4.094345
-4.077537
-1.668527
-4.127134
-3.270836
-4.330733
-2.277267
-2.901422
-4.094345
-4.094345
-4.094345
-4.127134
-4.219508
-4.204693
-4.094345
-4.094345
-5.273000
-3.891820
-4.094345
-4.094345
-4.189655
-4.143135
-4.394449
-4.094345
-4.094345
-4.094345
-1.217396
-1.809381
-4.094345
-4.094345
-4.094345
-4.605170
-4.418841
-4.094345
-4.094345
-4.094345
-4.330733
-4.174387
-4.477337
-4.127134
-4.094345
-5.476464
-4.430817
-4.094345
-4.127134
-4.094345
-4.276666
-4.110874
-4.158883
-4.094345
-4.094345
-3.976562
-4.863681
-40.186788
-4.094345
-4.143135
-4.465908
-4.234107
-4.094345
-4.094345
-4.094345
-5.686975
-4.804021
-4.127134
-4.369448
-4.330733
-5.455321
-4.510860
-4.094345
-4.094345
-4.094345
-4.127134
-4.219508
-4.204693
-4.094345
-4.094345
-5.273000
-4.584967
-4.094345
-4.094345
-4.189655
-4.143135
-4.394449
-4.094345
-4.094345
-4.094345
-4.828314
-6.126869
-4.094345
-4.094345
-4.094345
-4.605170
-4.418841
-4.094345
-4.094345
-4.094345
-4.330733
-4.174387
-4.477337
-4.127134
-4.094345
-5.476464
-4.430817
-4.094345
-4.127134
-4.094345
-4.276666
-4.110874
-4.158883
-4.094345
-4.094345
-5.075174
-5.556828
-4.143135
-40.137998
-4.143135
-4.465908
-4.234107
-4.094345
-4.094345
-4.094345
-5.686975
-4.804021
-4.127134
-4.369448
-4.330733
-5.455321
-4.510860
-4.094345
-4.094345
-4.094345
-4.127134
-4.219508
-4.204693
-4.094345
-4.094345
-5.273000
-4.584967
-4.094345
-4.094345
-4.189655
-4.143135
-4.394449
-4.094345
-4.094345
-4.094345
-4.828314
-6.126869
-4.094345
-4.094345
-4.094345
-4.605170
-4.418841
-4.094345
-4.094345
-4.094345
-4.330733
-4.174387
-4.477337
-4.127134
-4.094345
-5.476464
-4.430817
-4.094345
-4.127134
-4.094345
-4.276666
-4.110874
-4.158883
-4.094345
-4.094345
-5.075174
-5.556828
-4.143135
-4.094345
-40.186788
-4.465908
-4.234107
-4.094345
-4.094345
-4.094345
-5.686975
-3.705409
-4.127134
-4.369448
-4.330733
-5.455321
-4.510860
-4.094345
-4.094345
-4.094345
-4.127134
-4.219508
-4.204693
-4.094345
-4.094345
-5.273000
-4.584967
-4.094345
-4.094345
-4.189655
-4.143135
-4.394449
-4.094345
-4.094345
-4.094345
-4.828314
-5.433722
-4.094345
-4.094345
-4.094345
-4.605170
-4.418841
-4.094345
-4.094345
-4.094345
-4.330733
-4.174387
-4.477337
-4.127134
-4.094345
-2.586092
-4.430817
-4.094345
-4.127134
-4.094345
-4.276666
-4.110874
-4.158883
-4.094345
-4.094345
-5.075174
-5.556828
-4.143135
-4.094345
-4.143135
-40.509562
-4.234107
-4.094345
-4.094345
-4.094345
-5.686975
-4.804021
-4.127134
-4.369448
-4.330733
-5.455321
-4.510860
-4.094345
-4.094345
-4.094345
-4.127134
-4.219508
-4.204693
-4.094345
-4.094345
-5.273000
-4.584967
-4.094345
-4.094345
-4.189655
-4.143135
-4.394449
-4.094345
-4.094345
-4.094345
-3.442019
-4.047428
-4.094345
-4.094345
-4.094345
-4.605170
-4.418841
-4.094345
-4.094345
-4.094345
-4.330733
-4.174387
-4.477337
-4.127134
-4.094345
-5.476464
-4.430817
-4.094345
-4.127134
-4.094345
-4.276666
-4.110874
-4.158883
-4.094345
-4.094345
-5.075174
-3.610918
-4.143135
-4.094345
-4.143135
-4.465908
-38.331850
-4.094345
-4.094345
-4.094345
-5.686975
-4.804021
-4.127134
-4.369448
-4.330733
-5.455321
-4.510860
-4.094345
-4.094345
-4.094345
-4.127134
-4.219508
-4.204693
-4.094345
-4.094345
-4.174387
-4.584967
-4.094345
-4.094345
-4.189655
-4.143135
-4.394449
-4.094345
-4.094345
-4.094345
-4.828314
-6.126869
-4.094345
-4.094345
-4.094345
-4.605170
-3.725693
-4.094345
-4.094345
-4.094345
-4.330733
-4.174387
-4.477337
-4.127134
-4.094345
-5.476464
-4.430817
-4.094345
-4.127134
-4.094345
-4.276666
-4.110874
-4.158883
-4.094345
-4.094345
-5.075174
-5.556828
-4.143135
-4.094345
-4.143135
-4.465908
-4.234107
-40.137998
-4.094345
-4.094345
-5.686975
-4.804021
-4.127134
-4.369448
-4.330733
-5.455321
-4.510860
-4.094345
-4.094345
-4.094345
-4.127134
-4.219508
-4.204693
-4.094345
-4.094345
-5.273000
-4.584967
-4.094345
-4.094345
-4.189655
-4.143135
-4.394449
-4.094345
-4.094345
-4.094345
-4.828314
-6.126869
-4.094345
-4.094345
-4.094345
-4.605170
-4.418841
-4.094345
-4.094345
-4.094345
-4.330733
-4.174387
-4.477337
-4.127134
-4.094345
-5.476464
-4.430817
-4.094345
-4.127134
-4.094345
-4.276666
-4.110874
-4.158883
-4.094345
-4.094345
-5.075174
-5.556828
-4.143135
-4.094345
-4.143135
-4.465908
-4.234107
-4.094345
-40.137998
-4.094345
-5.686975
-4.804021
-4.127134
-4.369448
-4.330733
-5.455321
-4.510860
-4.094345
-4.094345
-4.094345
-4.127134
-4.219508
-4.204693
-4.094345
-4.094345
-5.273000
-4.584967
-4.094345
-4.094345
-4.189655
-4.143135
-4.394449
-4.094345
-4.094345
-4.094345
-4.828314
-6.126869
-4.094345
-4.094345
-4.094345
-4.605170
-4.418841
-4.094345
-4.094345
-4.094345
-4.330733
-4.174387
-4.477337
-4.127134
-4.094345
-5.476464
-4.430817
-4.094345
-4.127134
-4.094345
-4.276666
-4.110874
-4.158883
-4.094345
-4.094345
-5.075174
-5.556828
-4.143135
-4.094345
-4.143135
-4.465908
-4.234107
-4.094345
-4.094345
-40.137998
-5.686975
-4.804021
-4.127134
-4.369448
-4.330733
-5.455321
-4.510860
-4.094345
-4.094345
-4.094345
-4.127134
-4.219508
-4.204693
-4.094345
-4.094345
-5.273000
-4.584967
-4.094345
-4.094345
-4.189655
-4.143135
-4.394449
-4.094345
-4.094345
-4.094345
-4.828314
-6.126869
-4.094345
-4.094345
-4.094345
-4.605170
-4.418841
-4.094345
-4.094345
-4.094345
-4.330733
-4.174387
-4.477337
-4.127134
-4.094345
-2.298410
-4.430817
-4.094345
-4.127134
-4.094345
-4.276666
-4.110874
-4.158883
-4.094345
-4.094345
-2.677279
-2.224624
-4.143135
-4.094345
-4.143135
-4.465908
-4.234107
-4.094345
-4.094345
-4.094345
-37.670186
-4.110874
-4.127134
-4.369448
-2.538974
-1.899973
-4.510860
-4.094345
-4.094345
-4.094345
-4.127134
-4.219508
-3.511545
-4.094345
-4.094345
-2.970414
-1.217672
-4.094345
-4.094345
-4.189655
-4.143135
-4.394449
-4.094345
-4.094345
-4.094345
-4.828314
-1.983734
-4.094345
-4.094345
-4.094345
-2.813411
-4.418841
-4.094345
-4.094345
-4.094345
-2.384823
-3.481240
-1.386294
-4.127134
-4.094345
-4.783316
-4.430817
-4.094345
-4.127134
-4.094345
-4.276666
-4.110874
-4.158883
-4.094345
-4.094345
-5.075174
-2.561096
-4.143135
-4.094345
-4.143135
-2.386467
-4.234107
-4.094345
-4.094345
-4.094345
-4.993828
-38.139624
-4.127134
-4.369448
-3.637586
-3.152736
-3.412247
-4.094345
-4.094345
-4.094345
-4.127134
-3.526361
-4.204693
-4.094345
-4.094345
-3.886705
-4.584967
-4.094345
-4.094345
-4.189655
-4.143135
-4.394449
-4.094345
-4.094345
-4.094345
-4.828314
-3.561920
-4.094345
-4.094345
-4.094345
-3.218876
-4.418841
-4.094345
-4.094345
-4.094345
-4.330733
-3.075775
-4.477337
-4.127134
-4.094345
-4.783316
-4.430817
-4.094345
-4.127134
-4.094345
-4.276666
-4.110874
-4.158883
-4.094345
-4.094345
-5.075174
-5.556828
-4.143135
-4.094345
-4.143135
-4.465908
-4.234107
-4.094345
-4.094345
-4.094345
-5.686975
-4.804021
-40.170788
-4.369448
-4.330733
-5.455321
-4.510860
-4.094345
-4.094345
-4.094345
-4.127134
-4.219508
-4.204693
-4.094345
-4.094345
-5.273000
-4.584967
-4.094345
-4.094345
-4.189655
-4.143135
-4.394449
-4.094345
-4.094345
-4.094345
-4.828314
-5.433722
-4.094345
-4.094345
-4.094345
-4.605170
-4.418841
-4.094345
-4.094345
-4.094345
-4.330733
-4.174387
-4.477337
-4.127134
-4.094345
-4.090169
-4.430817
-4.094345
-4.127134
-4.094345
-4.276666
-4.110874
-4.158883
-4.094345
-4.094345
-5.075174
-5.556828
-4.143135
-4.094345
-4.143135
-4.465908
-4.234107
-4.094345
-4.094345
-4.094345
-4.077537
-4.804021
-4.127134
-40.413101
-4.330733
-4.762174
-4.510860
-4.094345
-4.094345
-4.094345
-4.127134
-4.219508
-4.204693
-4.094345
-4.094345
-5.273000
-4.584967
-4.094345
-4.094345
-4.189655
-4.143135
-4.394449
-4.094345
-4.094345
-4.094345
-4.828314
-3.641963
-4.094345
-4.094345
-4.094345
-4.605170
-4.418841
-4.094345
-4.094345
-4.094345
-4.330733
-4.174387
-4.477337
-4.127134
-4.094345
-5.476464
-4.430817
-4.094345
-4.127134
-4.094345
-4.276666
-4.110874
-4.158883
-4.094345
-4.094345
-5.075174
-5.556828
-4.143135
-4.094345
-4.143135
-4.465908
-4.234107
-4.094345
-4.094345
-4.094345
-5.686975
-4.804021
-4.127134
-4.369448
-39.275774
-3.152736
-4.510860
-4.094345
-4.094345
-4.094345
-4.127134
-4.219508
-4.204693
-4.094345
-4.094345
-5.273000
-4.584967
-4.094345
-4.094345
-4.189655
-4.143135
-4.394449
-4.094345
-4.094345
-4.094345
-4.828314
-6.126869
-4.094345
-4.094345
-4.094345
-4.605170
-4.418841
-4.094345
-4.094345
-4.094345
-2.384823
-3.481240
-4.477337
-4.127134
-4.094345
-1.605263
-3.044522
-4.094345
-4.127134
-4.094345
-4.276666
-4.110874
-4.158883
-4.094345
-4.094345
-2.590267
-2.991879
-4.143135
-4.094345
-3.044522
-4.465908
-4.234107
-4.094345
-4.094345
-4.094345
-3.895216
-3.194583
-4.127134
-4.369448
-4.330733
-37.567149
-4.510860
-4.094345
-4.094345
-4.094345
-4.127134
-2.427748
-3.511545
-4.094345
-4.094345
-2.970414
-3.486355
-4.094345
-4.094345
-4.189655
-4.143135
-4.394449
-4.094345
-4.094345
-4.094345
-3.442019
-1.878374
-4.094345
-4.094345
-4.094345
-4.605170
-4.418841
-4.094345
-4.094345
-4.094345
-4.330733
-4.174387
-4.477337
-4.127134
-4.094345
-3.530553
-2.484907
-4.094345
-3.028522
-4.094345
-4.276666
-4.110874
-4.158883
-4.094345
-4.094345
-3.283414
-4.170534
-4.143135
-4.094345
-4.143135
-4.465908
-4.234107
-4.094345
-4.094345
-4.094345
-5.686975
-4.804021
-4.127134
-4.369448
-4.330733
-3.663562
-39.455901
-4.094345
-4.094345
-4.094345
-4.127134
-4.219508
-3.106080
-4.094345
-4.094345
-5.273000
-4.584967
-4.094345
-4.094345
-4.189655
-4.143135
-4.394449
-4.094345
-4.094345
-4.094345
-4.828314
-5.028257
-4.094345
-4.094345
-4.094345
-4.605170
-4.418841
-4.094345
-4.094345
-4.094345
-4.330733
-4.174387
-4.477337
-4.127134
-4.094345
-5.476464
-4.430817
-4.094345
-4.127134
-4.094345
-4.276666
-4.110874
-4.158883
-4.094345
-4.094345
-5.075174
-5.556828
-4.143135
-4.094345
-4.143135
-4.465908
-4.234107
-4.094345
-4.094345
-4.094345
-5.686975
-4.804021
-4.127134
-4.369448
-4.330733
-5.455321
-4.510860
-40.137998
-4.094345
-4.094345
-4.127134
-4.219508
-4.204693
-4.094345
-4.094345
-5.273000
-4.584967
-4.094345
-4.094345
-4.189655
-4.143135
-4.394449
-4.094345
-4.094345
-4.094345
-4.828314
-6.126869
-4.094345
-4.094345
-4.094345
-4.605170
-4.418841
-4.094345
-4.094345
-4.094345
-4.330733
-4.174387
-4.477337
-4.127134
-4.094345
-5.476464
-4.430817
-4.094345
-4.127134
-4.094345
-4.276666
-4.110874
-4.158883
-4.094345
-4.094345
-5.075174
-5.556828
-4.143135
-4.094345
-4.143135
-4.465908
-4.234107
-4.094345
-4.094345
-4.094345
-5.686975
-4.804021
-4.127134
-4.369448
-4.330733
-5.455321
-4.510860
-4.094345
-40.137998
-4.094345
-4.127134
-4.219508
-4.204693
-4.094345
-4.094345
-5.273000
-4.584967
-4.094345
-4.094345
-4.189655
-4.143135
-4.394449
-4.094345
-4.094345
-4.094345
-4.828314
-6.126869
-4.094345
-4.094345
-4.094345
-4.605170
-4.418841
-4.094345
-4.094345
-4.094345
-4.330733
-4.174387
-4.477337
-4.127134
-4.094345
-5.476464
-4.430817
-4.094345
-4.127134
-4.094345
-4.276666
-4.110874
-4.158883
-4.094345
-4.094345
-5.075174
-5.556828
-4.143135
-4.094345
-4.143135
-4.465908
-4.234107
-4.094345
-4.094345
-4.094345
-5.686975
-4.804021
-4.127134
-4.369448
-4.330733
-5.455321
-4.510860
-4.094345
-4.094345
-40.137998
-4.127134
-4.219508
-4.204693
-4.094345
-4.094345
-5.273000
-4.584967
-4.094345
-4.094345
-4.189655
-4.143135
-4.394449
-4.094345
-4.094345
-4.094345
-4.828314
-6.126869
-4.094345
-4.094345
-4.094345
-4.605170
-4.418841
-4.094345
-4.094345
-4.094345
-4.330733
-4.174387
-4.477337
-4.127134
-4.094345
-4.377851
-4.430817
-4.094345
-4.127134
-4.094345
-4.276666
-4.110874
-4.158883
-4.094345
-4.094345
-5.075174
-5.556828
-4.143135
-4.094345
-4.143135
-4.465908
-4.234107
-4.094345
-4.094345
-4.094345
-5.686975
-4.804021
-4.127134
-4.369448
-4.330733
-5.455321
-4.510860
-4.094345
-4.094345
-4.094345
-40.170788
-4.219508
-4.204693
-4.094345
-4.094345
-5.273000
-4.584967
-4.094345
-4.094345
-4.189655
-4.143135
-4.394449
-4.094345
-4.094345
-4.094345
-4.828314
-6.126869
-4.094345
-4.094345
-4.094345
-4.605170
-4.418841
-4.094345
-4.094345
-4.094345
-4.330733
-4.174387
-4.477337
-4.127134
-4.094345
-5.476464
-4.430817
-4.094345
-4.127134
-4.094345
-4.276666
-4.110874
-4.158883
-4.094345
-4.094345
-5.075174
-5.556828
-4.143135
-4.094345
-4.143135
-4.465908
-4.234107
-4.094345
-4.094345
-4.094345
-5.686975
-4.804021
-4.127134
-4.369448
-4.330733
-4.356709
-4.510860
-4.094345
-4.094345
-4.094345
-4.127134
-37.960576
-4.204693
-4.094345
-4.094345
-3.481240
-4.584967
-4.094345
-4.094345
-4.189655
-4.143135
-3.701302
-4.094345
-4.094345
-4.094345
-4.828314
-6.126869
-4.094345
-4.094345
-4.094345
-4.605170
-4.418841
-4.094345
-4.094345
-4.094345
-4.330733
-4.174387
-4.477337
-4.127134
-4.094345
-5.476464
-4.430817
-4.094345
-4.127134
-4.094345
-4.276666
-4.110874
-4.158883
-4.094345
-4.094345
-5.075174
-5.556828
-4.143135
-4.094345
-4.143135
-4.465908
-4.234107
-4.094345
-4.094345
-4.094345
-5.686975
-4.804021
-4.127134
-4.369448
-4.330733
-5.455321
-4.510860
-4.094345
-4.094345
-4.094345
-4.127134
-4.219508
-39.149734
-4.094345
-4.094345
-5.273000
-4.584967
-4.094345
-4.094345
-4.189655
-4.143135
-4.394449
-4.094345
-4.094345
-4.094345
-4.828314
-4.047428
-4.094345
-4.094345
-4.094345
-4.605170
-4.418841
-4.094345
-4.094345
-4.094345
-4.330733
-4.174387
-4.477337
-4.127134
-4.094345
-5.476464
-4.430817
-4.094345
-4.127134
-4.094345
-4.276666
-4.110874
-4.158883
-4.094345
-4.094345
-5.075174
-5.556828
-4.143135
-4.094345
-4.143135
-4.465908
-4.234107
-4.094345
-4.094345
-4.094345
-5.686975
-4.804021
-4.127134
-4.369448
-4.330733
-5.455321
-4.510860
-4.094345
-4.094345
-4.094345
-4.127134
-4.219508
-4.204693
-40.137998
-4.094345
-5.273000
-4.584967
-4.094345
-4.094345
-4.189655
-4.143135
-4.394449
-4.094345
-4.094345
-4.094345
-4.828314
-6.126869
-4.094345
-4.094345
-4.094345
-4.605170
-4.418841
-4.094345
-4.094345
-4.094345
-4.330733
-4.174387
-4.477337
-4.127134
-4.094345
-5.476464
-4.430817
-4.094345
-4.127134
-4.094345
-4.276666
-4.110874
-4.158883
-4.094345
-4.094345
-5.075174
-5.556828
-4.143135
-4.094345
-4.143135
-4.465908
-4.234107
-4.094345
-4.094345
-4.094345
-5.686975
-4.804021
-4.127134
-4.369448
-4.330733
-5.455321
-4.510860
-4.094345
-4.094345
-4.094345
-4.127134
-4.219508
-4.204693
-4.094345
-40.137998
-5.273000
-4.584967
-4.094345
-4.094345
-4.189655
-4.143135
-4.394449
-4.094345
-4.094345
-4.094345
-4.828314
-6.126869
-4.094345
-4.094345
-4.094345
-4.605170
-4.418841
-4.094345
-4.094345
-4.094345
-4.330733
-4.174387
-4.477337
-4.127134
-4.094345
-3.867026
-4.430817
-4.094345
-4.127134
-4.094345
-4.276666
-4.110874
-4.158883
-4.094345
-4.094345
-2.184802
-1.586536
-3.449988
-4.094345
-4.143135
-4.465908
-4.234107
-4.094345
-4.094345
-4.094345
-3.289080
-4.804021
-4.127134
-4.369448
-4.330733
-3.152736
-3.412247
-4.094345
-4.094345
-4.094345
-3.028522
-4.219508
-4.204693
-4.094345
-4.094345
-37.790292
-4.584967
-4.094345
-4.094345
-3.496508
-4.143135
-4.394449
-4.094345
-4.094345
-4.094345
-4.828314
-2.543350
-4.094345
-4.094345
-4.094345
-3.912023
-4.418841
-4.094345
-4.094345
-4.094345
-4.330733
-4.174387
-4.477337
-4.127134
-4.094345
-4.783316
-4.430817
-4.094345
-4.127134
-4.094345
-4.276666
-4.110874
-4.158883
-4.094345
-4.094345
-4.382027
-4.863681
-4.143135
-4.094345
-4.143135
-4.465908
-4.234107
-4.094345
-4.094345
-4.094345
-2.551481
-3.705409
-4.127134
-4.369448
-4.330733
-5.455321
-4.510860
-4.094345
-4.094345
-4.094345
-4.127134
-4.219508
-4.204693
-4.094345
-4.094345
-3.663562
-38.431396
-4.094345
-4.094345
-4.189655
-4.143135
-4.394449
-4.094345
-4.094345
-4.094345
-4.828314
-5.433722
-4.094345
-4.094345
-4.094345
-2.659260
-4.418841
-4.094345
-4.094345
-4.094345
-4.330733
-4.174387
-4.477337
-4.127134
-4.094345
-5.476464
-4.430817
-4.094345
-4.127134
-4.094345
-4.276666
-4.110874
-4.158883
-4.094345
-4.094345
-5.075174
-5.556828
-4.143135
-4.094345
-4.143135
-4.465908
-4.234107
-4.094345
-4.094345
-4.094345
-5.686975
-4.804021
-4.127134
-4.369448
-4.330733
-5.455321
-4.510860
-4.094345
-4.094345
-4.094345
-4.127134
-4.219508
-4.204693
-4.094345
-4.094345
-5.273000
-4.584967
-40.137998
-4.094345
-4.189655
-4.143135
-4.394449
-4.094345
-4.094345
-4.094345
-4.828314
-6.126869
-4.094345
-4.094345
-4.094345
-4.605170
-4.418841
-4.094345
-4.094345
-4.094345
-4.330733
-4.174387
-4.477337
-4.127134
-4.094345
-5.476464
-4.430817
-4.094345
-4.127134
-4.094345
-4.276666
-4.110874
-4.158883
-4.094345
-4.094345
-5.075174
-5.556828
-4.143135
-4.094345
-4.143135
-4.465908
-4.234107
-4.094345
-4.094345
-4.094345
-5.686975
-4.804021
-4.127134
-4.369448
-4.330733
-5.455321
-4.510860
-4.094345
-4.094345
-4.094345
-4.127134
-4.219508
-4.204693
-4.094345
-4.094345
-5.273000
-4.584967
-4.094345
-40.137998
-4.189655
-4.143135
-4.394449
-4.094345
-4.094345
-4.094345
-4.828314
-6.126869
-4.094345
-4.094345
-4.094345
-4.605170
-4.418841
-4.094345
-4.094345
-4.094345
-4.330733
-4.174387
-4.477337
-4.127134
-4.094345
-4.377851
-4.430817
-4.094345
-4.127134
-4.094345
-4.276666
-4.110874
-4.158883
-4.094345
-4.094345
-3.688879
-5.556828
-4.143135
-4.094345
-4.143135
-4.465908
-4.234107
-4.094345
-4.094345
-4.094345
-5.686975
-4.804021
-4.127134
-4.369448
-4.330733
-4.762174
-4.510860
-4.094345
-4.094345
-4.094345
-4.127134
-4.219508
-4.204693
-4.094345
-4.094345
-5.273000
-4.584967
-4.094345
-4.094345
-40.233308
-4.143135
-4.394449
-4.094345
-4.094345
-4.094345
-4.828314
-6.126869
-4.094345
-4.094345
-4.094345
-4.605170
-4.418841
-4.094345
-4.094345
-4.094345
-4.330733
-4.174387
-4.477337
-4.127134
-4.094345
-4.783316
-4.430817
-4.094345
-4.127134
-4.094345
-4.276666
-4.110874
-4.158883
-4.094345
-4.094345
-5.075174
-5.556828
-4.143135
-4.094345
-4.143135
-4.465908
-4.234107
-4.094345
-4.094345
-4.094345
-5.686975
-4.804021
-4.127134
-4.369448
-4.330733
-5.455321
-4.510860
-4.094345
-4.094345
-4.094345
-4.127134
-4.219508
-4.204693
-4.094345
-4.094345
-5.273000
-4.584967
-4.094345
-4.094345
-4.189655
-40.186788
-4.394449
-4.094345
-4.094345
-4.094345
-4.828314
-5.028257
-4.094345
-4.094345
-4.094345
-4.605170
-4.418841
-4.094345
-4.094345
-4.094345
-4.330733
-4.174387
-4.477337
-4.127134
-4.094345
-5.476464
-3.332205
-4.094345
-4.127134
-4.094345
-4.276666
-4.110874
-4.158883
-4.094345
-4.094345
-5.075174
-5.556828
-4.143135
-4.094345
-4.143135
-4.465908
-4.234107
-4.094345
-4.094345
-4.094345
-5.686975
-4.804021
-4.127134
-4.369448
-4.330733
-5.455321
-4.510860
-4.094345
-4.094345
-4.094345
-4.127134
-4.219508
-4.204693
-4.094345
-4.094345
-5.273000
-4.584967
-4.094345
-4.094345
-4.189655
-4.143135
-39.051808
-4.094345
-4.094345
-4.094345
-4.828314
-6.126869
-4.094345
-4.094345
-4.094345
-4.605170
-1.423108
-4.094345
-4.094345
-4.094345
-4.330733
-4.174387
-4.477337
-4.127134
-4.094345
-5.476464
-4.430817
-4.094345
-4.127134
-4.094345
-4.276666
-4.110874
-4.158883
-4.094345
-4.094345
-5.075174
-5.556828
-4.143135
-4.094345
-4.143135
-4.465908
-4.234107
-4.094345
-4.094345
-4.094345
-5.686975
-4.804021
-4.127134
-4.369448
-4.330733
-5.455321
-4.510860
-4.094345
-4.094345
-4.094345
-4.127134
-4.219508
-4.204693
-4.094345
-4.094345
-5.273000
-4.584967
-4.094345
-4.094345
-4.189655
-4.143135
-4.394449
-40.137998
-4.094345
-4.094345
-4.828314
-6.126869
-4.094345
-4.094345
-4.094345
-4.605170
-4.418841
-4.094345
-4.094345
-4.094345
-4.330733
-4.174387
-4.477337
-4.127134
-4.094345
-5.476464
-4.430817
-4.094345
-4.127134
-4.094345
-4.276666
-4.110874
-4.158883
-4.094345
-4.094345
-5.075174
-5.556828
-4.143135
-4.094345
-4.143135
-4.465908
-4.234107
-4.094345
-4.094345
-4.094345
-5.686975
-4.804021
-4.127134
-4.369448
-4.330733
-5.455321
-4.510860
-4.094345
-4.094345
-4.094345
-4.127134
-4.219508
-4.204693
-4.094345
-4.094345
-5.273000
-4.584967
-4.094345
-4.094345
-4.189655
-4.143135
-4.394449
-4.094345
-40.137998
-4.094345
-4.828314
-6.126869
-4.094345
-4.094345
-4.094345
-4.605170
-4.418841
-4.094345
-4.094345
-4.094345
-4.330733
-4.174387
-4.477337
-4.127134
-4.094345
-5.476464
-4.430817
-4.094345
-4.127134
-4.094345
-4.276666
-4.110874
-4.158883
-4.094345
-4.094345
-5.075174
-5.556828
-4.143135
-4.094345
-4.143135
-4.465908
-4.234107
-4.094345
-4.094345
-4.094345
-5.686975
-4.804021
-4.127134
-4.369448
-4.330733
-5.455321
-4.510860
-4.094345
-4.094345
-4.094345
-4.127134
-4.219508
-4.204693
-4.094345
-4.094345
-5.273000
-4.584967
-4.094345
-4.094345
-4.189655
-4.143135
-4.394449
-4.094345
-4.094345
-40.137998
-4.828314
-6.126869
-4.094345
-4.094345
-4.094345
-4.605170
-4.418841
-4.094345
-4.094345
-4.094345
-4.330733
-4.174387
-4.477337
-4.127134
-4.094345
-3.530553
-4.430817
-4.094345
-4.127134
-4.094345
-4.276666
-4.110874
-4.158883
-4.094345
-4.094345
-3.465736
-3.947390
-4.143135
-4.094345
-4.143135
-4.465908
-4.234107
-4.094345
-4.094345
-4.094345
-2.796604
-3.194583
-3.028522
-4.369448
-4.330733
-5.455321
-2.719100
-4.094345
-4.094345
-4.094345
-4.127134
-4.219508
-4.204693
-4.094345
-4.094345
-5.273000
-4.584967
-4.094345
-4.094345
-4.189655
-4.143135
-4.394449
-4.094345
-4.094345
-4.094345
-37.234381
-3.487812
-4.094345
-4.094345
-4.094345
-2.659260
-4.418841
-4.094345
-4.094345
-4.094345
-4.330733
-3.481240
-4.477337
-4.127134
-4.094345
-2.643250
-3.737670
-4.094345
-4.127134
-4.094345
-4.276666
-3.417727
-4.158883
-4.094345
-4.094345
-3.688879
-1.644805
-4.143135
-4.094345
-3.449988
-4.465908
-3.135494
-4.094345
-4.094345
-4.094345
-0.759722
-1.668527
-4.127134
-1.804498
-2.028148
-1.626680
-3.817712
-4.094345
-4.094345
-4.094345
-4.127134
-3.120895
-4.204693
-4.094345
-4.094345
-1.807264
-4.584967
-4.094345
-4.094345
-4.189655
-3.044522
-4.394449
-4.094345
-4.094345
-4.094345
-3.036554
-35.554457
-4.094345
-4.094345
-4.094345
-1.771957
-3.725693
-4.094345
-4.094345
-4.094345
-3.637586
-4.174387
-2.531427
-3.028522
-4.094345
-5.476464
-4.430817
-4.094345
-4.127134
-4.094345
-4.276666
-4.110874
-4.158883
-4.094345
-4.094345
-5.075174
-5.556828
-4.143135
-4.094345
-4.143135
-4.465908
-4.234107
-4.094345
-4.094345
-4.094345
-5.686975
-4.804021
-4.127134
-4.369448
-4.330733
-5.455321
-4.510860
-4.094345
-4.094345
-4.094345
-4.127134
-4.219508
-4.204693
-4.094345
-4.094345
-5.273000
-4.584967
-4.094345
-4.094345
-4.189655
-4.143135
-4.394449
-4.094345
-4.094345
-4.094345
-4.828314
-6.126869
-40.137998
-4.094345
-4.094345
-4.605170
-4.418841
-4.094345
-4.094345
-4.094345
-4.330733
-4.174387
-4.477337
-4.127134
-4.094345
-5.476464
-4.430817
-4.094345
-4.127134
-4.094345
-4.276666
-4.110874
-4.158883
-4.094345
-4.094345
-5.075174
-5.556828
-4.143135
-4.094345
-4.143135
-4.465908
-4.234107
-4.094345
-4.094345
-4.094345
-5.686975
-4.804021
-4.127134
-4.369448
-4.330733
-5.455321
-4.510860
-4.094345
-4.094345
-4.094345
-4.127134
-4.219508
-4.204693
-4.094345
-4.094345
-5.273000
-4.584967
-4.094345
-4.094345
-4.189655
-4.143135
-4.394449
-4.094345
-4.094345
-4.094345
-4.828314
-6.126869
-4.094345
-40.137998
-4.094345
-4.605170
-4.418841
-4.094345
-4.094345
-4.094345
-4.330733
-4.174387
-4.477337
-4.127134
-4.094345
-5.476464
-4.430817
-4.094345
-4.127134
-4.094345
-4.276666
-4.110874
-4.158883
-4.094345
-4.094345
-5.075174
-5.556828
-4.143135
-4.094345
-4.143135
-4.465908
-4.234107
-4.094345
-4.094345
-4.094345
-5.686975
-4.804021
-4.127134
-4.369448
-4.330733
-5.455321
-4.510860
-4.094345
-4.094345
-4.094345
-4.127134
-4.219508
-4.204693
-4.094345
-4.094345
-5.273000
-4.584967
-4.094345
-4.094345
-4.189655
-4.143135
-4.394449
-4.094345
-4.094345
-4.094345
-4.828314
-6.126869
-4.094345
-4.094345
-40.137998
-4.605170
-4.418841
-4.094345
-4.094345
-4.094345
-4.330733
-4.174387
-4.477337
-4.127134
-4.094345
-3.397022
-2.821379
-4.094345
-4.127134
-4.094345
-4.276666
-4.110874
-4.158883
-4.094345
-4.094345
-4.382027
-4.458216
-4.143135
-4.094345
-4.143135
-4.465908
-4.234107
-4.094345
-4.094345
-4.094345
-4.993828
-4.804021
-4.127134
-4.369448
-4.330733
-3.152736
-2.719100
-4.094345
-4.094345
-4.094345
-4.127134
-4.219508
-4.204693
-4.094345
-4.094345
-5.273000
-3.486355
-4.094345
-4.094345
-4.189655
-4.143135
-4.394449
-4.094345
-4.094345
-4.094345
-4.828314
-3.929645
-4.094345
-4.094345
-4.094345
-38.346238
-4.418841
-4.094345
-4.094345
-4.094345
-4.330733
-4.174387
-4.477337
-4.127134
-4.094345
-4.783316
-3.332205
-4.094345
-4.127134
-4.094345
-4.276666
-4.110874
-4.158883
-4.094345
-4.094345
-5.075174
-5.556828
-4.143135
-4.094345
-4.143135
-4.465908
-4.234107
-4.094345
-4.094345
-4.094345
-5.686975
-4.804021
-4.127134
-4.369448
-4.330733
-5.455321
-4.510860
-4.094345
-4.094345
-4.094345
-4.127134
-4.219508
-4.204693
-4.094345
-4.094345
-4.579852
-4.584967
-4.094345
-4.094345
-4.189655
-4.143135
-1.349927
-4.094345
-4.094345
-4.094345
-4.828314
-6.126869
-4.094345
-4.094345
-4.094345
-4.605170
-38.064599
-4.094345
-4.094345
-4.094345
-4.330733
-4.174387
-4.477337
-4.127134
-4.094345
-5.476464
-4.430817
-4.094345
-4.127134
-4.094345
-4.276666
-4.110874
-4.158883
-4.094345
-4.094345
-5.075174
-5.556828
-4.143135
-4.094345
-4.143135
-4.465908
-4.234107
-4.094345
-4.094345
-4.094345
-5.686975
-4.804021
-4.127134
-4.369448
-4.330733
-5.455321
-4.510860
-4.094345
-4.094345
-4.094345
-4.127134
-4.219508
-4.204693
-4.094345
-4.094345
-5.273000
-4.584967
-4.094345
-4.094345
-4.189655
-4.143135
-4.394449
-4.094345
-4.094345
-4.094345
-4.828314
-6.126869
-4.094345
-4.094345
-4.094345
-4.605170
-4.418841
-40.137998
-4.094345
-4.094345
-4.330733
-4.174387
-4.477337
-4.127134
-4.094345
-5.476464
-4.430817
-4.094345
-4.127134
-4.094345
-4.276666
-4.110874
-4.158883
-4.094345
-4.094345
-5.075174
-5.556828
-4.143135
-4.094345
-4.143135
-4.465908
-4.234107
-4.094345
-4.094345
-4.094345
-5.686975
-4.804021
-4.127134
-4.369448
-4.330733
-5.455321
-4.510860
-4.094345
-4.094345
-4.094345
-4.127134
-4.219508
-4.204693
-4.094345
-4.094345
-5.273000
-4.584967
-4.094345
-4.094345
-4.189655
-4.143135
-4.394449
-4.094345
-4.094345
-4.094345
-4.828314
-6.126869
-4.094345
-4.094345
-4.094345
-4.605170
-4.418841
-4.094345
-40.137998
-4.094345
-4.330733
-4.174387
-4.477337
-4.127134
-4.094345
-5.476464
-4.430817
-4.094345
-4.127134
-4.094345
-4.276666
-4.110874
-4.158883
-4.094345
-4.094345
-5.075174
-5.556828
-4.143135
-4.094345
-4.143135
-4.465908
-4.234107
-4.094345
-4.094345
-4.094345
-5.686975
-4.804021
-4.127134
-4.369448
-4.330733
-5.455321
-4.510860
-4.094345
-4.094345
-4.094345
-4.127134
-4.219508
-4.204693
-4.094345
-4.094345
-5.273000
-4.584967
-4.094345
-4.094345
-4.189655
-4.143135
-4.394449
-4.094345
-4.094345
-4.094345
-4.828314
-6.126869
-4.094345
-4.094345
-4.094345
-4.605170
-4.418841
-4.094345
-4.094345
-40.137998
-4.330733
-4.174387
-4.477337
-4.127134
-4.094345
-4.783316
-3.332205
-4.094345
-4.127134
-4.094345
-4.276666
-4.110874
-4.158883
-4.094345
-4.094345
-5.075174
-5.556828
-4.143135
-4.094345
-4.143135
-4.465908
-4.234107
-4.094345
-4.094345
-4.094345
-3.895216
-4.804021
-4.127134
-4.369448
-4.330733
-4.356709
-4.510860
-4.094345
-4.094345
-4.094345
-4.127134
-4.219508
-4.204693
-4.094345
-4.094345
-5.273000
-4.584967
-4.094345
-4.094345
-4.189655
-4.143135
-4.394449
-4.094345
-4.094345
-4.094345
-4.828314
-4.180959
-4.094345
-4.094345
-4.094345
-4.605170
-4.418841
-4.094345
-4.094345
-4.094345
-38.988092
-4.174387
-4.477337
-4.127134
-4.094345
-4.377851
-4.430817
-4.094345
-4.127134
-4.094345
-4.276666
-4.110874
-3.060271
-4.094345
-4.094345
-5.075174
-5.556828
-4.143135
-4.094345
-4.143135
-4.465908
-4.234107
-4.094345
-4.094345
-4.094345
-5.686975
-4.804021
-4.127134
-4.369448
-4.330733
-5.455321
-4.510860
-4.094345
-4.094345
-4.094345
-4.127134
-4.219508
-4.204693
-4.094345
-4.094345
-5.273000
-4.584967
-4.094345
-4.094345
-4.189655
-4.143135
-4.394449
-4.094345
-4.094345
-4.094345
-4.828314
-5.433722
-4.094345
-4.094345
-4.094345
-4.605170
-4.418841
-4.094345
-4.094345
-4.094345
-4.330733
-38.138599
-4.477337
-4.127134
-4.094345
-4.090169
-4.430817
-4.094345
-4.127134
-4.094345
-4.276666
-4.110874
-4.158883
-4.094345
-4.094345
-5.075174
-4.863681
-4.143135
-4.094345
-4.143135
-4.465908
-4.234107
-4.094345
-4.094345
-4.094345
-5.686975
-4.804021
-4.127134
-4.369448
-4.330733
-3.057426
-4.510860
-4.094345
-4.094345
-4.094345
-4.127134
-4.219508
-4.204693
-4.094345
-4.094345
-4.579852
-4.584967
-4.094345
-4.094345
-4.189655
-4.143135
-4.394449
-4.094345
-4.094345
-4.094345
-4.828314
-3.929645
-4.094345
-4.094345
-4.094345
-3.506558
-4.418841
-4.094345
-4.094345
-4.094345
-4.330733
-4.174387
-40.520990
-4.127134
-4.094345
-5.476464
-4.430817
-4.094345
-4.127134
-4.094345
-4.276666
-4.110874
-4.158883
-4.094345
-4.094345
-5.075174
-5.556828
-4.143135
-4.094345
-4.143135
-4.465908
-4.234107
-4.094345
-4.094345
-4.094345
-5.686975
-4.804021
-4.127134
-4.369448
-4.330733
-4.356709
-4.510860
-4.094345
-4.094345
-4.094345
-4.127134
-4.219508
-4.204693
-4.094345
-4.094345
-5.273000
-4.584967
-4.094345
-4.094345
-4.189655
-4.143135
-4.394449
-4.094345
-4.094345
-4.094345
-4.828314
-6.126869
-4.094345
-4.094345
-4.094345
-4.605170
-4.418841
-4.094345
-4.094345
-4.094345
-4.330733
-4.174387
-4.477337
-39.072175
-4.094345
-5.476464
-4.430817
-4.094345
-4.127134
-4.094345
-4.276666
-4.110874
-4.158883
-4.094345
-4.094345
-5.075174
-5.556828
-4.143135
-4.094345
-4.143135
-4.465908
-4.234107
-4.094345
-4.094345
-4.094345
-5.686975
-4.804021
-4.127134
-4.369448
-4.330733
-5.455321
-4.510860
-4.094345
-4.094345
-4.094345
-4.127134
-4.219508
-4.204693
-4.094345
-4.094345
-5.273000
-4.584967
-4.094345
-4.094345
-4.189655
-4.143135
-4.394449
-4.094345
-4.094345
-4.094345
-4.828314
-6.126869
-4.094345
-4.094345
-4.094345
-4.605170
-4.418841
-4.094345
-4.094345
-4.094345
-4.330733
-4.174387
-4.477337
-4.127134
-40.137998