(1, 1.0) | [0, 0, 0, 0, 0, 0, 0, 1, 0, 0, 0, 0] | N/A,GMinor
(2, 1.0) | [0, 0, 1, 0, 0, 0, 0, 0, 0, 0, 0, 0] | N/A,GMinor
(3, 1.0) | [0, 0, 0, 1, 0, 0, 0, 0, 0, 0, 0, 0] | N/A,GMinor
(4, 1.0) | [0, 0, 0, 0, 0, 0, 1, 0, 0, 0, 0, 0] | N/A,GMinor
(5, 1.0) | [0, 0, 1, 0, 0, 0, 1, 1, 0, 1, 1, 0] | I,GMinor
(6, 1.0) | [0, 0, 1, 0, 0, 0, 1, 1, 0, 1, 1, 0] | I,GMinor
(7, 1.0) | [1, 0, 1, 0, 0, 0, 1, 1, 0, 1, 1, 0] | V+7,GMinor
(8, 1.0) | [1, 0, 1, 0, 0, 0, 1, 1, 0, 1, 1, 0] | V+7,GMinor
(9, 1.0) | [1, 0, 1, 0, 0, 0, 0, 1, 0, 1, 1, 0] | I,GMinor
(10, 1.0) | [1, 0, 1, 1, 0, 1, 1, 1, 0, 1, 1, 0] | I,GMinor
(11, 1.0) | [1, 0, 0, 0, 0, 0, 0, 0, 0, 1, 1, 0] | II,GMinor
(12, 1.0) | [0, 0, 1, 0, 0, 0, 1, 0, 0, 0, 0, 0] | V+,GMinor
(13, 1.0) | [0, 0, 1, 0, 0, 0, 0, 1, 0, 0, 1, 0] | I,GMinor
(14, 1.0) | [0, 0, 1, 0, 0, 0, 0, 1, 0, 0, 1, 0] | I,GMinor
(15, 1.0) | [1, 0, 0, 1, 0, 0, 0, 1, 0, 0, 0, 0] | IV,GMinor
(16, 1.0) | [1, 0, 1, 0, 0, 0, 1, 0, 0, 1, 0, 0] | V+7,GMinor
(17, 1.0) | [0, 0, 1, 0, 0, 0, 0, 1, 0, 0, 1, 0] | I,GMinor
(18, 1.0) | [0, 0, 1, 0, 0, 0, 0, 1, 0, 0, 1, 0] | I,GMinor
(19, 1.0) | [1, 0, 0, 1, 0, 0, 0, 1, 0, 0, 0, 0] | IV,GMinor
(20, 1.0) | [1, 0, 0, 0, 0, 0, 1, 1, 0, 1, 0, 0] | V+7,GMinor
(21, 1.0) | [0, 0, 0, 0, 0, 0, 0, 1, 0, 0, 1, 0] | I,GMinor
(22, 1.0) | [0, 0, 1, 0, 0, 0, 0, 1, 0, 0, 1, 0] | I,GMinor
(23, 1.0) | [0, 1, 0, 1, 0, 0, 0, 1, 0, 0, 1, 0] | IIb,DMajor
(24, 1.0) | [0, 1, 0, 1, 0, 0, 0, 1, 0, 0, 1, 0] | VIIIta,DMajor
(25, 1.0) | [0, 1, 1, 0, 0, 0, 1, 1, 0, 1, 1, 0] | I,DMajor
(26, 1.0) | [0, 1, 1, 0, 0, 0, 1, 1, 0, 1, 1, 0] | I,DMajor
(27, 1.0) | [0, 0, 1, 0, 0, 0, 1, 0, 0, 1, 0, 0] | I,DMajor
(28, 1.0) | [0, 0, 1, 0, 0, 0, 1, 0, 0, 1, 0, 0] | I,DMajor
(29, 1.0) | [0, 0, 1, 0, 0, 1, 0, 0, 0, 0, 1, 0] | I,B-Major
(30, 1.0) | [0, 0, 1, 0, 0, 1, 0, 0, 0, 0, 1, 0] | I,B-Major
(31, 1.0) | [1, 0, 0, 1, 0, 1, 0, 1, 0, 1, 0, 0] | V7,B-Major
(32, 1.0) | [1, 0, 0, 1, 0, 1, 0, 1, 0, 1, 0, 0] | V7,B-Major
(33, 1.0) | [1, 0, 1, 0, 0, 1, 0, 0, 0, 0, 1, 0] | I,B-Major
(34, 1.0) | [1, 0, 1, 0, 0, 1, 0, 0, 0, 0, 1, 0] | I,B-Major
(35, 1.0) | [1, 0, 0, 1, 0, 1, 0, 1, 0, 1, 0, 0] | V7,B-Major
(36, 1.0) | [1, 0, 0, 1, 0, 1, 0, 1, 0, 1, 0, 0] | V7,B-Major
(37, 1.0) | [1, 0, 1, 1, 0, 1, 0, 0, 0, 0, 1, 0] | I,B-Major
(38, 1.0) | [1, 0, 1, 1, 0, 1, 0, 0, 0, 0, 1, 0] | I,B-Major
(39, 1.0) | [0, 0, 0, 1, 0, 1, 0, 1, 0, 1, 1, 0] | IV,B-Major
(40, 1.0) | [0, 0, 0, 1, 0, 1, 0, 1, 0, 1, 1, 0] | IV,B-Major
(41, 1.0) | [1, 0, 1, 1, 0, 0, 0, 0, 0, 1, 1, 0] | VII,B-Major
(42, 1.0) | [1, 0, 1, 1, 0, 0, 0, 0, 0, 1, 1, 0] | VII,B-Major
(43, 1.0) | [0, 0, 1, 1, 0, 1, 0, 1, 0, 1, 0, 0] | III,B-Major
(44, 1.0) | [0, 0, 1, 1, 0, 1, 0, 1, 0, 1, 0, 0] | III,B-Major
(45, 1.0) | [1, 0, 1, 0, 0, 0, 0, 1, 0, 1, 1, 0] | VI,B-Major
(46, 1.0) | [1, 0, 1, 0, 0, 0, 0, 1, 0, 1, 1, 0] | VI,B-Major
(47, 1.0) | [1, 0, 1, 1, 0, 1, 0, 1, 0, 0, 0, 0] | II,B-Major
(48, 1.0) | [1, 0, 1, 1, 0, 1, 0, 1, 0, 0, 0, 0] | II,B-Major
(49, 1.0) | [0, 0, 0, 1, 0, 0, 0, 0, 0, 0, 0, 0] | V7,B-Major
(50, 1.0) | [1, 0, 0, 1, 0, 0, 0, 0, 0, 0, 0, 0] | V7,B-Major
(51, 1.0) | [0, 0, 1, 0, 0, 0, 0, 0, 0, 0, 0, 0] | I,B-Major
(52, 1.0) | [0, 0, 0, 0, 0, 0, 0, 0, 0, 0, 1, 0] | I,B-Major
(53, 1.0) | [0, 1, 0, 0, 0, 0, 0, 0, 0, 0, 0, 0] | IV,FMinor
(54, 1.0) | [0, 0, 0, 0, 0, 0, 0, 0, 0, 0, 1, 0] | IV,FMinor
(55, 1.0) | [0, 1, 0, 0, 0, 0, 0, 0, 0, 0, 0, 0] | VIIdim7,FMinor
(56, 1.0) | [0, 1, 0, 0, 1, 0, 0, 1, 0, 0, 1, 0] | VIIdim,FMinor
(57, 1.0) | [0, 0, 0, 0, 1, 1, 1, 0, 0, 0, 0, 0] | I+,FMinor
(58, 1.0) | [0, 0, 0, 0, 0, 1, 0, 0, 0, 0, 0, 0] | I+,FMinor
(59, 1.0) | [1, 0, 1, 1, 0, 0, 0, 0, 0, 1, 1, 0] | I,B-Major
(60, 1.0) | [1, 0, 1, 1, 0, 1, 0, 1, 0, 0, 1, 0] | I,B-Major
(61, 1.0) | [1, 0, 1, 1, 0, 0, 0, 0, 0, 1, 1, 0] | I,B-Major
(62, 1.0) | [1, 0, 1, 1, 0, 1, 0, 1, 0, 0, 1, 0] | I,B-Major
(63, 1.0) | [0, 0, 1, 0, 0, 0, 0, 0, 0, 0, 1, 0] | I,B-Major
(64, 1.0) | [1, 0, 0, 1, 0, 0, 0, 1, 0, 0, 0, 0] | II,B-Major
(65, 1.0) | [1, 0, 0, 1, 0, 0, 0, 0, 0, 0, 0, 0] | VII,B-Major
(66, 1.0) | [1, 0, 1, 1, 0, 1, 0, 1, 0, 1, 1, 0] | II,B-Major
(67, 1.0) | [1, 0, 1, 0, 0, 1, 0, 0, 0, 1, 1, 0] | V,B-Major
(68, 1.0) | [1, 0, 1, 1, 0, 1, 0, 0, 0, 1, 1, 0] | V7,B-Major
(69, 1.0) | [1, 0, 1, 0, 0, 1, 0, 0, 0, 1, 1, 0] | V,B-Major
(70, 1.0) | [1, 0, 1, 1, 0, 1, 0, 0, 0, 1, 1, 0] | V7,B-Major
(71, 1.0) | [1, 0, 0, 0, 0, 1, 0, 0, 0, 1, 1, 0] | I,FMajor
(72, 1.0) | [1, 0, 1, 1, 0, 1, 0, 1, 0, 0, 1, 0] | I,B-Major
(73, 1.0) | [1, 0, 1, 1, 0, 0, 0, 1, 0, 0, 1, 0] | VI,B-Major
(74, 1.0) | [1, 0, 1, 1, 0, 1, 0, 1, 0, 1, 1, 0] | I,B-Major
(75, 1.0) | [1, 0, 1, 1, 0, 1, 0, 1, 0, 1, 1, 0] | VI,B-Major
(76, 1.0) | [1, 0, 1, 1, 0, 1, 0, 1, 0, 1, 1, 0] | I,B-Major
(77, 1.0) | [1, 0, 1, 1, 0, 1, 0, 0, 0, 0, 1, 0] | I,B-Major
(78, 1.0) | [1, 0, 1, 1, 0, 1, 0, 0, 0, 1, 0, 0] | V7,B-Major
(79, 1.0) | [1, 0, 1, 1, 0, 1, 0, 0, 0, 0, 1, 0] | I,B-Major
(80, 1.0) | [1, 0, 1, 1, 0, 1, 0, 0, 0, 1, 0, 0] | V7,B-Major
(81, 1.0) | [1, 0, 1, 0, 0, 1, 0, 0, 0, 0, 1, 0] | I,B-Major
(82, 1.0) | [0, 0, 0, 1, 0, 0, 0, 0, 0, 0, 0, 0] | N/A,B-Major
(83, 1.0) | [0, 0, 0, 0, 0, 0, 0, 1, 1, 0, 1, 0] | I,GMinor
(84, 1.0) | [1, 0, 0, 0, 0, 0, 0, 0, 0, 0, 0, 0] | N/A,GMinor
(85, 1.0) | [0, 0, 0, 1, 0, 1, 0, 1, 0, 0, 1, 0] | VIb,GMinor
(86, 1.0) | [0, 0, 0, 0, 0, 0, 0, 0, 1, 0, 0, 0] | N/A,GMinor
(87, 1.0) | [1, 0, 0, 1, 0, 0, 0, 1, 0, 0, 0, 0] | IV,GMinor
(88, 1.0) | [1, 0, 0, 1, 0, 0, 0, 1, 0, 0, 0, 0] | IV,GMinor
(89, 1.0) | [1, 0, 1, 0, 0, 0, 1, 0, 0, 1, 0, 0] | V+7,GMinor
(90, 1.0) | [1, 0, 1, 0, 0, 0, 1, 0, 0, 1, 0, 0] | V+7,GMinor
(91, 1.0) | [0, 0, 1, 0, 0, 0, 0, 1, 0, 0, 1, 0] | I,GMinor
(92, 1.0) | [0, 0, 1, 0, 0, 0, 0, 1, 0, 0, 1, 0] | I,GMinor
(93, 1.0) | [0, 1, 0, 0, 1, 0, 0, 1, 0, 0, 1, 0] | VIIdim7,DMinor
(94, 1.0) | [0, 1, 0, 0, 1, 0, 0, 1, 0, 1, 0, 0] | VIIdim,DMinor
(95, 1.0) | [0, 0, 1, 0, 0, 1, 0, 0, 0, 1, 0, 0] | I,DMinor
(96, 1.0) | [0, 0, 1, 0, 0, 1, 0, 0, 1, 0, 1, 0] | VIIGer,AMinor
(97, 1.0) | [0, 1, 0, 0, 1, 0, 0, 1, 0, 1, 0, 0] | I+,AMinor
(98, 1.0) | [0, 1, 0, 0, 1, 0, 0, 1, 0, 1, 0, 0] | I+,AMinor
(99, 1.0) | [0, 0, 1, 0, 0, 1, 0, 0, 0, 1, 0, 0] | IV,AMinor
(100, 1.0) | [0, 0, 1, 0, 0, 1, 0, 0, 1, 1, 0, 0] | VIIdim7,AMinor
(101, 1.0) | [0, 1, 0, 0, 1, 0, 0, 0, 1, 1, 1, 0] | I+,AMinor
(102, 1.0) | [0, 0, 0, 0, 0, 0, 0, 0, 0, 1, 0, 0] | N/A,AMinor
(103, 1.0) | [0, 0, 1, 0, 0, 1, 0, 0, 0, 1, 0, 0] | I,DMinor
(104, 1.0) | [1, 0, 1, 0, 0, 0, 1, 0, 0, 1, 0, 0] | I+,DMinor
(105, 1.0) | [0, 0, 1, 0, 0, 0, 0, 1, 0, 0, 1, 0] | IV,DMinor
(106, 1.0) | [0, 1, 1, 0, 0, 0, 0, 1, 0, 0, 1, 0] | VIIdim7,DMinor
(107, 1.0) | [0, 1, 1, 1, 0, 0, 1, 0, 0, 1, 0, 0] | I,DMajor
(108, 1.0) | [0, 0, 1, 0, 0, 0, 0, 0, 0, 0, 0, 0] | N/A,DMajor
(109, 1.0) | [0, 0, 1, 1, 0, 0, 1, 1, 0, 1, 1, 0] | I,GMinor
(110, 1.0) | [0, 1, 0, 0, 0, 0, 1, 0, 0, 1, 0, 0] | V+,GMinor
(111, 1.0) | [1, 0, 0, 1, 1, 0, 0, 1, 0, 0, 0, 1] | IV,GMinor
(112, 1.0) | [0, 0, 1, 0, 0, 0, 1, 0, 0, 0, 0, 1] | V+,GMinor
(113, 1.0) | [0, 0, 1, 0, 0, 0, 0, 1, 0, 1, 0, 0] | V+,GMinor
(114, 1.0) | [1, 0, 0, 0, 0, 0, 0, 1, 0, 1, 0, 0] | V+7,GMinor
(115, 1.0) | [1, 0, 1, 0, 0, 0, 1, 0, 0, 1, 0, 0] | V+7,GMinor
(116, 1.0) | [1, 0, 1, 0, 0, 0, 1, 0, 0, 1, 0, 0] | V+7,GMinor
(117, 1.0) | [0, 0, 1, 0, 0, 0, 0, 1, 0, 0, 1, 0] | I,GMinor
(118, 1.0) | [0, 0, 1, 0, 0, 0, 0, 0, 0, 0, 0, 0] | N/A,GMinor
(119, 1.0) | [0, 0, 0, 1, 0, 0, 0, 0, 0, 0, 0, 0] | N/A,GMinor
(120, 1.0) | [0, 0, 0, 0, 0, 0, 1, 0, 0, 0, 0, 0] | N/A,GMinor
(121, 1.0) | [0, 0, 1, 0, 0, 0, 1, 1, 0, 1, 1, 0] | I,GMinor
(122, 1.0) | [0, 0, 1, 0, 0, 0, 1, 1, 0, 1, 1, 0] | I,GMinor
(123, 1.0) | [1, 0, 1, 0, 0, 0, 1, 1, 0, 1, 1, 0] | V+7,GMinor
(124, 1.0) | [1, 0, 1, 0, 0, 0, 1, 1, 0, 1, 1, 0] | V+7,GMinor
(125, 1.0) | [1, 0, 1, 0, 0, 0, 0, 1, 0, 1, 1, 0] | I,GMinor
(126, 1.0) | [1, 0, 1, 1, 0, 1, 1, 1, 0, 1, 1, 0] | I,GMinor
(127, 1.0) | [1, 0, 0, 0, 0, 0, 0, 0, 0, 1, 1, 0] | IV,GMinor
(128, 1.0) | [0, 0, 1, 0, 0, 0, 1, 0, 0, 0, 0, 0] | V+,GMinor
(129, 1.0) | [0, 0, 1, 0, 0, 0, 0, 1, 0, 0, 1, 0] | I,GMinor
(130, 1.0) | [0, 0, 1, 0, 0, 0, 0, 1, 0, 0, 1, 0] | I,GMinor
(131, 1.0) | [1, 0, 0, 1, 0, 0, 0, 1, 0, 0, 0, 0] | IV,GMinor
(132, 1.0) | [1, 0, 1, 0, 0, 0, 1, 0, 0, 1, 0, 0] | V+7,GMinor
(133, 1.0) | [0, 0, 1, 0, 0, 0, 0, 1, 0, 0, 1, 0] | I,GMinor
(134, 1.0) | [0, 0, 1, 0, 0, 0, 0, 1, 0, 0, 1, 0] | I,GMinor
(135, 1.0) | [1, 0, 0, 1, 0, 0, 0, 1, 0, 0, 0, 0] | IV,GMinor
(136, 1.0) | [1, 0, 0, 0, 0, 0, 1, 1, 0, 1, 0, 0] | VIIdim,GMinor
(137, 1.0) | [0, 0, 0, 0, 0, 0, 0, 1, 0, 0, 1, 0] | I,GMinor
(138, 1.0) | [0, 0, 1, 0, 0, 0, 0, 1, 0, 0, 1, 0] | I,GMinor
(139, 1.0) | [0, 1, 0, 1, 0, 0, 0, 1, 0, 0, 1, 0] | VIIGer,DMajor
(140, 1.0) | [0, 1, 0, 1, 0, 0, 0, 1, 0, 0, 1, 0] | VIIGer,DMajor
(141, 1.0) | [0, 1, 1, 0, 0, 0, 1, 1, 0, 1, 1, 0] | I,DMajor
(142, 1.0) | [0, 1, 1, 0, 0, 0, 1, 1, 0, 1, 1, 0] | I,DMajor
(143, 1.0) | [0, 0, 1, 0, 0, 0, 1, 0, 0, 1, 0, 0] | I,DMajor
(144, 1.0) | [0, 0, 1, 0, 0, 0, 1, 0, 0, 1, 0, 0] | I,DMajor
(145, 1.0) | [0, 0, 1, 0, 0, 0, 0, 1, 0, 0, 1, 0] | I,GMinor
(146, 1.0) | [0, 0, 1, 0, 0, 0, 0, 1, 0, 0, 1, 0] | I,GMinor
(147, 1.0) | [1, 0, 1, 1, 0, 0, 1, 0, 0, 1, 0, 0] | V+7,GMinor
(148, 1.0) | [1, 0, 1, 1, 0, 0, 1, 0, 0, 1, 0, 0] | V+7,GMinor
(149, 1.0) | [0, 0, 1, 0, 0, 0, 0, 1, 0, 1, 1, 0] | I,GMinor
(150, 1.0) | [0, 0, 1, 0, 0, 0, 0, 1, 0, 1, 1, 0] | I,GMinor
(151, 1.0) | [1, 0, 1, 1, 0, 0, 1, 0, 0, 1, 0, 0] | V+7,GMinor
(152, 1.0) | [1, 0, 1, 1, 0, 0, 1, 0, 0, 1, 0, 0] | V+7,GMinor
(153, 1.0) | [1, 0, 1, 0, 0, 0, 0, 1, 0, 1, 1, 0] | I,GMinor
(154, 1.0) | [1, 0, 1, 0, 0, 0, 0, 1, 0, 1, 1, 0] | I,GMinor
(155, 1.0) | [1, 0, 1, 1, 0, 1, 0, 1, 0, 0, 0, 0] | IV,GMinor
(156, 1.0) | [1, 0, 1, 1, 0, 1, 0, 1, 0, 0, 0, 0] | IV,GMinor
(157, 1.0) | [1, 0, 0, 0, 0, 1, 0, 1, 0, 1, 1, 0] | VII,GMinor
(158, 1.0) | [1, 0, 0, 0, 0, 1, 0, 1, 0, 1, 1, 0] | VII,GMinor
(159, 1.0) | [1, 0, 1, 1, 0, 1, 0, 0, 0, 0, 1, 0] | III,GMinor
(160, 1.0) | [1, 0, 1, 1, 0, 1, 0, 0, 0, 0, 1, 0] | III,GMinor
(161, 1.0) | [0, 0, 0, 1, 0, 1, 0, 1, 0, 1, 1, 0] | VIb,GMinor
(162, 1.0) | [0, 0, 0, 1, 0, 1, 0, 1, 0, 1, 1, 0] | VIb,GMinor
(163, 1.0) | [1, 0, 1, 1, 0, 0, 0, 0, 0, 1, 1, 0] | II,GMinor
(164, 1.0) | [1, 0, 1, 1, 0, 0, 0, 0, 0, 1, 1, 0] | II,GMinor
(165, 1.0) | [1, 0, 0, 0, 0, 0, 0, 0, 0, 0, 0, 0] | N/A,GMinor
(166, 1.0) | [1, 0, 0, 0, 0, 0, 0, 0, 0, 1, 0, 0] | V+7,GMinor
(167, 1.0) | [0, 0, 0, 0, 0, 0, 0, 0, 0, 0, 1, 0] | N/A,GMinor
(168, 1.0) | [0, 0, 1, 0, 0, 0, 0, 1, 0, 0, 0, 0] | I,GMinor
(169, 1.0) | [0, 0, 0, 0, 0, 0, 0, 0, 1, 0, 0, 0] | N/A,CMinor
(170, 1.0) | [0, 0, 1, 0, 0, 1, 0, 0, 1, 0, 0, 1] | VIIdim7,CMinor
(171, 1.0) | [1, 0, 0, 0, 0, 0, 0, 0, 0, 0, 0, 0] | N/A,CMinor
(172, 1.0) | [1, 0, 0, 1, 0, 0, 0, 1, 0, 0, 0, 0] | I,CMinor
(173, 1.0) | [0, 0, 0, 0, 0, 0, 0, 0, 0, 0, 1, 0] | N/A,CMinor
(174, 1.0) | [0, 1, 0, 0, 1, 0, 0, 1, 0, 0, 1, 0] | VIIdim7,DMajor
(175, 1.0) | [0, 1, 1, 1, 0, 0, 0, 0, 0, 0, 0, 0] | I,DMajor
(176, 1.0) | [0, 0, 1, 0, 0, 0, 0, 0, 0, 0, 0, 0] | I,DMajor
(177, 1.0) | [1, 0, 0, 0, 0, 0, 1, 1, 0, 1, 1, 0] | I,GMinor
(178, 1.0) | [1, 0, 1, 1, 0, 0, 0, 1, 0, 1, 1, 0] | I,GMinor
(179, 1.0) | [1, 0, 0, 0, 0, 0, 1, 1, 0, 1, 1, 0] | I,GMinor
(180, 1.0) | [1, 0, 1, 1, 0, 0, 0, 1, 0, 1, 1, 0] | I,GMinor
(181, 1.0) | [0, 0, 0, 0, 0, 0, 0, 1, 0, 0, 1, 0] | I,GMinor
(182, 1.0) | [1, 0, 0, 1, 0, 0, 0, 0, 0, 1, 0, 0] | II,GMinor
(183, 1.0) | [1, 0, 0, 0, 0, 0, 0, 0, 0, 1, 0, 0] | VIIdim,GMinor
(184, 1.0) | [1, 0, 1, 1, 0, 0, 1, 1, 0, 1, 1, 0] | IV,GMinor
(185, 1.0) | [1, 0, 1, 0, 0, 0, 1, 1, 0, 1, 1, 0] | V+7,GMinor
(186, 1.0) | [1, 0, 1, 0, 0, 0, 1, 1, 0, 1, 1, 0] | V+,GMinor
(187, 1.0) | [1, 0, 1, 0, 0, 0, 1, 1, 0, 1, 1, 0] | V+7,GMinor
(188, 1.0) | [1, 1, 1, 0, 1, 0, 1, 1, 0, 1, 1, 0] | V+7,GMinor
(189, 1.0) | [0, 0, 1, 0, 0, 0, 1, 1, 0, 1, 0, 0] | I,DMajor
(190, 1.0) | [1, 0, 1, 1, 0, 0, 0, 1, 0, 1, 1, 0] | I,GMinor
(191, 1.0) | [1, 0, 0, 1, 0, 0, 0, 1, 0, 0, 1, 0] | VIb,GMinor
(192, 1.0) | [0, 0, 1, 0, 0, 0, 0, 1, 0, 1, 1, 0] | I,GMinor
(193, 1.0) | [1, 0, 1, 1, 0, 0, 0, 1, 0, 0, 0, 0] | IV,GMinor
(194, 1.0) | [1, 0, 1, 1, 0, 0, 0, 1, 0, 1, 1, 0] | I,GMinor
(195, 1.0) | [1, 0, 1, 0, 0, 0, 0, 1, 0, 1, 1, 0] | I,GMinor
(196, 1.0) | [1, 0, 1, 0, 0, 0, 1, 0, 0, 1, 1, 0] | V+7,GMinor
(197, 1.0) | [1, 0, 1, 0, 0, 0, 0, 1, 0, 1, 1, 0] | I,GMinor
(198, 1.0) | [1, 0, 1, 0, 0, 0, 1, 0, 0, 1, 1, 0] | V+7,GMinor
(199, 1.0) | [1, 0, 1, 0, 0, 0, 0, 1, 0, 0, 1, 0] | I,GMinor
(200, 1.0) | [0, 0, 0, 1, 0, 0, 0, 0, 0, 0, 0, 0] | N/A,GMinor
(201, 1.0) | [0, 0, 1, 0, 0, 0, 0, 1, 0, 0, 1, 0] | I,GMinor
(202, 1.0) | [0, 0, 1, 0, 0, 0, 0, 0, 0, 0, 0, 0] | N/A,GMinor
(203, 1.0) | [0, 0, 0, 1, 0, 0, 0, 1, 0, 0, 0, 0] | IV,GMinor
(204, 1.0) | [0, 0, 1, 0, 0, 0, 0, 0, 0, 0, 0, 1] | VIIdim,CMinor
(205, 1.0) | [1, 0, 0, 1, 0, 0, 0, 1, 0, 0, 0, 0] | I,CMinor
(206, 1.0) | [0, 0, 1, 0, 0, 1, 0, 0, 0, 0, 0, 1] | VIIdim,CMinor
(207, 1.0) | [1, 0, 1, 1, 0, 0, 1, 1, 0, 1, 0, 0] | I,CMinor
(208, 1.0) | [0, 0, 1, 1, 0, 0, 0, 1, 0, 0, 1, 0] | I,GMinor
(209, 1.0) | [1, 0, 1, 1, 0, 0, 1, 1, 0, 1, 0, 0] | II7,GMinor
(210, 1.0) | [0, 0, 1, 0, 0, 0, 0, 1, 0, 0, 1, 0] | I,GMinor
(211, 1.0) | [0, 0, 0, 0, 0, 0, 0, 1, 0, 1, 1, 0] | I,GMinor
(212, 1.0) | [0, 0, 1, 0, 0, 0, 0, 1, 0, 1, 1, 0] | I,GMinor
(213, 1.0) | [0, 0, 1, 0, 0, 0, 0, 1, 0, 1, 1, 0] | I,GMinor
(214, 1.0) | [0, 0, 0, 0, 0, 0, 0, 1, 0, 0, 0, 0] | N/A,GMinor
